2 0.445139 0.094792 0.198611 0.114583
9 0.144444 0.129167 0.147222 0.162500
10 0.070833 0.044792 0.080556 0.085417
12 0.319444 0.144792 0.088889 0.131250
13 0.472222 0.209375 0.194444 0.127083
14 0.269444 0.030208 0.133333 0.056250
15 0.659722 0.064583 0.125000 0.125000
16 0.315278 0.241667 0.125000 0.150000
17 0.212500 0.169792 0.141667 0.152083
19 0.047917 0.150000 0.093056 0.125000
20 0.473611 0.156250 0.163889 0.141667
21 0.295833 0.411458 0.097222 0.127083
22 0.283333 0.039583 0.166667 0.075000
