1 0.343750 0.088542 0.156944 0.118750
2 0.823611 0.288542 0.150000 0.247917
5 0.088194 0.285417 0.126389 0.187500
6 0.452083 0.078125 0.059722 0.118750
8 0.241667 0.064583 0.072222 0.116667
9 0.134028 0.190625 0.129167 0.322917
12 0.723611 0.325000 0.088889 0.183333
13 0.588889 0.087500 0.136111 0.158333
14 0.531944 0.097917 0.125000 0.158333
15 0.759028 0.068750 0.112500 0.133333
17 0.443750 0.393750 0.223611 0.100000
19 0.584722 0.289583 0.141667 0.141667
23 0.272917 0.175000 0.081944 0.104167
