1 0.436111 0.066667 0.150000 0.120833
2 0.447917 0.217708 0.170833 0.206250
6 0.552083 0.069792 0.062500 0.135417
9 0.165278 0.193750 0.172222 0.170833
10 0.076389 0.102083 0.119444 0.108333
12 0.368750 0.254167 0.106944 0.125000
13 0.413889 0.375000 0.238889 0.287500
14 0.270833 0.079167 0.150000 0.150000
15 0.684028 0.121875 0.156944 0.172917
16 0.347917 0.315625 0.129167 0.164583
19 0.059722 0.248958 0.116667 0.156250
20 0.378472 0.346875 0.181944 0.206250
22 0.236111 0.076042 0.244444 0.122917
