1 0.502778 0.046875 0.133333 0.064583
2 0.961806 0.276042 0.145833 0.243750
5 0.235417 0.181250 0.104167 0.220833
6 0.622222 0.047917 0.063889 0.091667
8 0.372222 0.030208 0.027778 0.035417
9 0.241667 0.166667 0.122222 0.291667
12 0.873611 0.303125 0.080556 0.156250
13 0.766667 0.076042 0.100000 0.122917
14 0.680556 0.072917 0.125000 0.108333
15 0.919444 0.076042 0.108333 0.147917
17 0.605556 0.363542 0.247222 0.127083
19 0.741667 0.280208 0.166667 0.168750
23 0.436806 0.118750 0.081944 0.079167
