1 0.411111 0.040625 0.130556 0.043750
2 0.464583 0.120833 0.162500 0.120833
6 0.509722 0.048958 0.069444 0.060417
9 0.151389 0.158333 0.100000 0.183333
10 0.076389 0.047917 0.088889 0.091667
12 0.332639 0.157292 0.101389 0.114583
13 0.469444 0.235417 0.166667 0.108333
14 0.273611 0.060417 0.075000 0.083333
15 0.643750 0.083333 0.154167 0.162500
16 0.347917 0.268750 0.101389 0.162500
17 0.227778 0.195833 0.125000 0.129167
19 0.061111 0.178125 0.077778 0.097917
20 0.488194 0.216667 0.095833 0.154167
21 0.172917 0.350000 0.093056 0.112500
22 0.260417 0.067708 0.143056 0.085417
23 0.263194 0.361458 0.068056 0.122917
