1 0.708333 0.043750 0.102778 0.083333
2 0.728472 0.128125 0.187500 0.156250
5 0.150000 0.116667 0.088889 0.133333
6 0.787500 0.061458 0.044444 0.085417
7 0.447222 0.296875 0.069444 0.102083
9 0.434028 0.076042 0.137500 0.135417
12 0.602083 0.158333 0.120833 0.137500
13 0.735417 0.246875 0.176389 0.177083
14 0.559028 0.043750 0.095833 0.083333
15 0.910417 0.127083 0.137500 0.200000
16 0.500694 0.196875 0.137500 0.114583
19 0.343056 0.077083 0.100000 0.141667
20 0.756250 0.211458 0.115278 0.131250
21 0.598611 0.275000 0.077778 0.095833
22 0.545139 0.039583 0.131944 0.075000
23 0.560417 0.401042 0.093056 0.064583
