1 0.546528 0.176042 0.151389 0.110417
2 0.550000 0.396875 0.158333 0.260417
3 0.497222 0.050000 0.091667 0.062500
4 0.395833 0.068750 0.111111 0.104167
6 0.661111 0.190625 0.066667 0.156250
7 0.543750 0.067708 0.070833 0.097917
9 0.278472 0.417708 0.109722 0.143750
10 0.204861 0.180208 0.093056 0.106250
12 0.472222 0.467708 0.080556 0.143750
13 0.434722 0.678125 0.225000 0.172917
14 0.355556 0.164583 0.175000 0.200000
15 0.810417 0.261458 0.076389 0.139583
17 0.341667 0.485417 0.219444 0.162500
19 0.195139 0.333333 0.109722 0.108333
21 0.261111 0.102083 0.063889 0.083333
22 0.371528 0.220833 0.206944 0.150000
