1 0.484028 0.103125 0.154167 0.118750
2 0.814583 0.447917 0.140278 0.250000
6 0.561806 0.194792 0.059722 0.168750
9 0.229861 0.656250 0.223611 0.320833
10 0.150000 0.055208 0.080556 0.106250
12 0.710417 0.488542 0.126389 0.097917
13 0.640972 0.160417 0.062500 0.233333
14 0.232639 0.287500 0.156944 0.183333
15 0.774306 0.204167 0.120833 0.212500
16 0.044444 0.091667 0.080556 0.133333
17 0.424306 0.582292 0.243056 0.143750
19 0.615278 0.440625 0.194444 0.114583
22 0.270833 0.223958 0.213889 0.272917
