1 0.680556 0.115625 0.141667 0.172917
2 0.672917 0.270833 0.168056 0.250000
5 0.024306 0.206250 0.045833 0.145833
6 0.788194 0.150000 0.059722 0.150000
9 0.313194 0.269792 0.237500 0.202083
12 0.563889 0.258333 0.152778 0.170833
13 0.556944 0.452083 0.316667 0.391667
14 0.466667 0.069792 0.222222 0.135417
15 0.918750 0.238542 0.112500 0.206250
16 0.134028 0.057292 0.090278 0.110417
17 0.532639 0.432292 0.343056 0.477083
19 0.234028 0.181250 0.131944 0.195833
20 0.545139 0.441667 0.234722 0.358333
21 0.060417 0.276042 0.087500 0.156250
22 0.452083 0.068750 0.226389 0.133333
