1 0.160417 0.415625 0.187500 0.222917
2 0.576389 0.168750 0.222222 0.150000
6 0.621528 0.050000 0.087500 0.095833
7 0.202778 0.288542 0.091667 0.093750
8 0.127083 0.831250 0.162500 0.225000
9 0.190278 0.123958 0.091667 0.189583
10 0.061111 0.045833 0.088889 0.070833
12 0.397917 0.203125 0.143056 0.164583
13 0.567361 0.317708 0.204167 0.160417
14 0.320139 0.039583 0.106944 0.070833
15 0.762500 0.129167 0.141667 0.208333
16 0.213889 0.188542 0.141667 0.164583
17 0.300694 0.164583 0.104167 0.125000
19 0.045833 0.137500 0.088889 0.137500
20 0.564583 0.272917 0.143056 0.133333
21 0.404167 0.356250 0.066667 0.212500
22 0.307639 0.041667 0.201389 0.079167
23 0.303472 0.318750 0.059722 0.133333
