1 0.368750 0.079167 0.126389 0.137500
2 0.844444 0.292708 0.152778 0.281250
5 0.150694 0.189583 0.087500 0.241667
6 0.476389 0.061458 0.075000 0.118750
8 0.265278 0.070833 0.088889 0.120833
9 0.408333 0.265625 0.191667 0.164583
12 0.740972 0.328125 0.112500 0.164583
13 0.606944 0.085417 0.138889 0.150000
14 0.550694 0.112500 0.120833 0.158333
15 0.791667 0.065625 0.108333 0.127083
17 0.306250 0.395833 0.154167 0.266667
19 0.607639 0.304167 0.098611 0.162500
23 0.286806 0.184375 0.084722 0.122917
