1 0.319444 0.041667 0.094444 0.066667
2 0.803472 0.240625 0.162500 0.260417
5 0.336806 0.141667 0.145833 0.133333
6 0.409028 0.046875 0.087500 0.089583
9 0.373611 0.332292 0.186111 0.152083
12 0.665972 0.271875 0.120833 0.139583
13 0.575694 0.060417 0.120833 0.108333
14 0.494444 0.089583 0.141667 0.150000
15 0.766667 0.067708 0.075000 0.085417
17 0.093750 0.206250 0.079167 0.179167
20 0.327778 0.043750 0.113889 0.083333
22 0.031944 0.061458 0.041667 0.097917
23 0.215972 0.118750 0.104167 0.087500
