1 0.477778 0.033333 0.130556 0.045833
2 0.523611 0.103125 0.175000 0.122917
6 0.579861 0.039583 0.043056 0.075000
7 0.234028 0.341667 0.079167 0.116667
9 0.218056 0.121875 0.108333 0.164583
10 0.130556 0.045833 0.066667 0.087500
12 0.405556 0.150000 0.069444 0.112500
13 0.540972 0.229167 0.179167 0.133333
14 0.333333 0.057292 0.138889 0.085417
15 0.712500 0.077083 0.152778 0.150000
16 0.363889 0.294792 0.133333 0.114583
17 0.271528 0.135417 0.145833 0.150000
19 0.115278 0.144792 0.116667 0.152083
20 0.543056 0.201042 0.119444 0.156250
21 0.455556 0.220833 0.125000 0.083333
22 0.327083 0.055208 0.148611 0.106250
