0 0.410417 0.746875 0.229167 0.368750
1 0.687500 0.137500 0.130556 0.175000
2 0.507639 0.140625 0.162500 0.152083
4 0.443750 0.197917 0.115278 0.162500
6 0.522222 0.050000 0.069444 0.095833
7 0.273611 0.110417 0.075000 0.083333
8 0.365278 0.253125 0.125000 0.089583
12 0.351389 0.145833 0.113889 0.116667
14 0.139583 0.222917 0.137500 0.175000
16 0.072222 0.033333 0.072222 0.062500
19 0.037500 0.169792 0.072222 0.089583
20 0.498611 0.236458 0.147222 0.156250
21 0.151389 0.054167 0.097222 0.079167
