0 0.386111 0.097917 0.208333 0.170833
1 0.829861 0.203125 0.137500 0.222917
2 0.662500 0.196875 0.183333 0.077083
3 0.529861 0.041667 0.120833 0.079167
4 0.586111 0.259375 0.091667 0.147917
6 0.682639 0.108333 0.081944 0.137500
7 0.438889 0.162500 0.069444 0.079167
8 0.521528 0.328125 0.118056 0.093750
12 0.513194 0.231250 0.112500 0.158333
13 0.100000 0.131250 0.016667 0.200000
14 0.261111 0.286458 0.163889 0.218750
16 0.197222 0.066667 0.094444 0.104167
19 0.175000 0.206250 0.069444 0.066667
20 0.645833 0.300000 0.141667 0.179167
21 0.291667 0.085417 0.061111 0.112500
