1 0.638194 0.055208 0.095833 0.106250
2 0.656944 0.146875 0.144444 0.143750
6 0.713889 0.082292 0.033333 0.097917
7 0.370833 0.252083 0.061111 0.120833
9 0.376389 0.068750 0.122222 0.108333
12 0.552083 0.153125 0.095833 0.131250
13 0.654861 0.255208 0.143056 0.164583
14 0.501389 0.043750 0.097222 0.062500
15 0.823611 0.180208 0.097222 0.172917
16 0.440972 0.189583 0.109722 0.108333
19 0.268056 0.050000 0.111111 0.095833
20 0.667361 0.215625 0.106944 0.152083
21 0.549306 0.267708 0.079167 0.077083
22 0.493056 0.055208 0.111111 0.072917
23 0.488194 0.400000 0.084722 0.091667
