1 0.743056 0.481250 0.141667 0.170833
2 0.704861 0.739583 0.156944 0.291667
3 0.684722 0.310417 0.141667 0.154167
4 0.556250 0.269792 0.101389 0.122917
5 0.043056 0.540625 0.083333 0.122917
6 0.854167 0.514583 0.061111 0.162500
7 0.738889 0.313542 0.088889 0.114583
9 0.387500 0.682292 0.211111 0.206250
10 0.293750 0.330208 0.126389 0.135417
11 0.338194 0.132292 0.120833 0.106250
14 0.501389 0.365625 0.247222 0.347917
15 0.950694 0.597917 0.104167 0.225000
16 0.170833 0.357292 0.133333 0.135417
17 0.464583 0.769792 0.279167 0.235417
19 0.274306 0.565625 0.165278 0.172917
20 0.028472 0.438542 0.054167 0.256250
21 0.452083 0.244792 0.131944 0.114583
22 0.539583 0.422917 0.179167 0.187500
