1 0.388194 0.043750 0.087500 0.054167
2 0.917361 0.268750 0.140278 0.275000
5 0.444444 0.130208 0.150000 0.152083
6 0.529861 0.043750 0.106944 0.083333
9 0.461111 0.316667 0.186111 0.191667
12 0.797917 0.292708 0.131944 0.127083
13 0.703472 0.060417 0.104167 0.116667
14 0.624306 0.075000 0.131944 0.125000
15 0.873611 0.061458 0.122222 0.118750
17 0.363889 0.237500 0.236111 0.133333
19 0.200000 0.286458 0.183333 0.247917
22 0.172917 0.036458 0.104167 0.068750
23 0.317361 0.083333 0.087500 0.083333
