1 0.278472 0.663542 0.198611 0.172917
2 0.612500 0.439583 0.261111 0.141667
3 0.461111 0.096875 0.175000 0.135417
7 0.089583 0.359375 0.093056 0.122917
8 0.332639 0.838542 0.154167 0.193750
9 0.046528 0.101042 0.090278 0.181250
12 0.410417 0.485417 0.145833 0.212500
13 0.613889 0.636458 0.305556 0.164583
14 0.212500 0.061458 0.152778 0.102083
15 0.816667 0.364583 0.150000 0.254167
20 0.632639 0.606250 0.143056 0.212500
21 0.113889 0.222917 0.119444 0.100000
22 0.186111 0.078125 0.230556 0.152083
