0 0.199306 0.151042 0.209722 0.260417
1 0.910417 0.316667 0.156944 0.291667
2 0.735417 0.341667 0.215278 0.087500
3 0.536111 0.095833 0.186111 0.112500
6 0.731250 0.195833 0.093056 0.175000
7 0.432639 0.322917 0.084722 0.120833
8 0.540972 0.508333 0.129167 0.108333
12 0.530556 0.379167 0.155556 0.183333
13 0.032639 0.244792 0.020833 0.218750
14 0.198611 0.353125 0.116667 0.402083
15 0.466667 0.222917 0.227778 0.112500
19 0.115278 0.380208 0.097222 0.139583
20 0.712500 0.505208 0.147222 0.206250
22 0.304167 0.107292 0.213889 0.210417
