1 0.471528 0.037500 0.140278 0.050000
2 0.514583 0.108333 0.198611 0.129167
6 0.572222 0.043750 0.055556 0.058333
9 0.201389 0.117708 0.111111 0.160417
10 0.119444 0.037500 0.055556 0.058333
12 0.401389 0.150000 0.108333 0.129167
13 0.521528 0.229167 0.223611 0.133333
14 0.307639 0.034375 0.115278 0.064583
15 0.705556 0.095833 0.122222 0.162500
16 0.263889 0.313542 0.113889 0.177083
17 0.275694 0.159375 0.145833 0.206250
19 0.108333 0.145833 0.097222 0.108333
20 0.549306 0.207292 0.137500 0.206250
21 0.350694 0.417708 0.090278 0.118750
22 0.288194 0.043750 0.215278 0.062500
