1 0.527778 0.160417 0.116667 0.137500
2 0.506944 0.320833 0.166667 0.137500
3 0.425000 0.059375 0.147222 0.085417
4 0.295139 0.060417 0.126389 0.116667
6 0.617361 0.196875 0.062500 0.160417
7 0.180556 0.617708 0.113889 0.156250
8 0.325000 0.256250 0.194444 0.162500
9 0.162500 0.314583 0.108333 0.262500
10 0.058333 0.134375 0.088889 0.131250
12 0.395833 0.387500 0.077778 0.158333
13 0.545833 0.476042 0.219444 0.152083
14 0.259722 0.156250 0.161111 0.225000
15 0.752083 0.271875 0.137500 0.202083
16 0.179167 0.455208 0.113889 0.147917
19 0.049306 0.314583 0.095833 0.216667
20 0.579167 0.456250 0.133333 0.241667
21 0.411806 0.573958 0.118056 0.085417
22 0.240972 0.138542 0.243056 0.164583
23 0.368750 0.721875 0.070833 0.110417
