1 0.977083 0.593750 0.109722 0.279167
2 0.777778 0.616667 0.288889 0.145833
3 0.631250 0.179167 0.268056 0.170833
4 0.631944 0.780208 0.213889 0.168750
6 0.850694 0.442708 0.112500 0.189583
7 0.252778 0.558333 0.288889 0.312500
12 0.540278 0.596875 0.158333 0.260417
14 0.384722 0.043750 0.180556 0.083333
15 0.470833 0.370833 0.341667 0.141667
17 0.211806 0.095833 0.156944 0.137500
20 0.731944 0.781250 0.202778 0.179167
21 0.187500 0.220833 0.127778 0.120833
22 0.371528 0.082292 0.187500 0.156250
23 0.084722 0.271875 0.055556 0.152083
