1 0.293056 0.116667 0.150000 0.183333
2 0.801389 0.320833 0.177778 0.216667
6 0.408333 0.105208 0.091667 0.164583
8 0.183333 0.120833 0.088889 0.108333
9 0.032639 0.270833 0.062500 0.308333
12 0.714583 0.377083 0.076389 0.166667
13 0.541667 0.116667 0.166667 0.191667
14 0.488194 0.140625 0.151389 0.181250
15 0.725694 0.080208 0.126389 0.156250
17 0.422222 0.488542 0.219444 0.143750
19 0.554861 0.356250 0.123611 0.158333
22 0.082639 0.107292 0.087500 0.210417
23 0.214583 0.255208 0.054167 0.122917
