1 0.468056 0.077083 0.152778 0.116667
2 0.468750 0.300000 0.148611 0.245833
6 0.595139 0.072917 0.076389 0.141667
9 0.192361 0.341667 0.131944 0.170833
10 0.111111 0.114583 0.105556 0.133333
12 0.376389 0.386458 0.116667 0.172917
13 0.368750 0.585417 0.223611 0.208333
14 0.268750 0.090625 0.193056 0.177083
15 0.736806 0.137500 0.148611 0.187500
16 0.036111 0.168750 0.069444 0.129167
17 0.109028 0.441667 0.126389 0.254167
19 0.111111 0.264583 0.116667 0.100000
22 0.287500 0.127083 0.202778 0.187500
