1 0.648611 0.227083 0.133333 0.175000
2 0.638194 0.389583 0.168056 0.275000
3 0.579861 0.070833 0.131944 0.079167
4 0.472917 0.076042 0.118056 0.077083
6 0.739583 0.253125 0.068056 0.152083
9 0.335417 0.276042 0.165278 0.168750
10 0.218056 0.122917 0.122222 0.129167
13 0.550000 0.564583 0.180556 0.345833
14 0.427778 0.137500 0.188889 0.225000
15 0.870139 0.376042 0.115278 0.189583
16 0.333333 0.444792 0.102778 0.152083
17 0.410417 0.352083 0.243056 0.275000
19 0.206250 0.278125 0.156944 0.152083
20 0.568750 0.559375 0.109722 0.143750
22 0.415278 0.187500 0.266667 0.262500
