1 0.881250 0.640625 0.106944 0.214583
2 0.950000 0.888542 0.094444 0.185417
3 0.529167 0.590625 0.152778 0.214583
4 0.617361 0.459375 0.162500 0.168750
6 0.446528 0.781250 0.206944 0.170833
7 0.378472 0.959375 0.131944 0.060417
10 0.658333 0.221875 0.213889 0.264583
12 0.965972 0.964583 0.065278 0.054167
15 0.893750 0.380208 0.134722 0.110417
17 0.399306 0.402083 0.218056 0.145833
18 0.646528 0.673958 0.129167 0.210417
20 0.984722 0.762500 0.030556 0.112500
21 0.599306 0.933333 0.165278 0.125000
22 0.346528 0.477083 0.318056 0.295833
23 0.409722 0.650000 0.119444 0.137500
