2 0.895139 0.409375 0.076389 0.293750
3 0.441667 0.066667 0.208333 0.129167
6 0.661111 0.434375 0.119444 0.185417
7 0.175694 0.100000 0.126389 0.166667
9 0.242361 0.587500 0.245833 0.241667
10 0.090972 0.473958 0.156944 0.393750
11 0.236806 0.412500 0.201389 0.150000
12 0.871528 0.635417 0.090278 0.179167
13 0.684722 0.533333 0.088889 0.162500
14 0.436806 0.250000 0.254167 0.333333
15 0.480556 0.678125 0.222222 0.285417
18 0.583333 0.172917 0.155556 0.183333
19 0.655556 0.951042 0.130556 0.089583
21 0.181250 0.181250 0.131944 0.133333
22 0.315278 0.056250 0.197222 0.083333
