1 0.844444 0.576042 0.127778 0.231250
2 0.922917 0.815625 0.148611 0.160417
3 0.525000 0.558333 0.094444 0.108333
4 0.488889 0.428125 0.158333 0.152083
6 0.484722 0.652083 0.180556 0.187500
7 0.386806 0.810417 0.134722 0.170833
9 0.319444 0.955208 0.108333 0.077083
10 0.779167 0.355208 0.100000 0.102083
12 0.952778 0.935417 0.075000 0.129167
15 0.894444 0.354167 0.113889 0.133333
17 0.569444 0.391667 0.111111 0.141667
18 0.622222 0.587500 0.069444 0.166667
19 0.620833 0.589583 0.069444 0.179167
20 0.968750 0.763542 0.062500 0.222917
21 0.559028 0.794792 0.151389 0.177083
22 0.635417 0.303125 0.218056 0.272917
23 0.461111 0.528125 0.077778 0.106250
