0 0.746528 0.606250 0.031944 0.154167
1 0.742361 0.206250 0.093056 0.158333
6 0.946528 0.631250 0.051389 0.141667
8 0.929861 0.776042 0.048611 0.110417
9 0.550000 0.917708 0.172222 0.147917
10 0.838889 0.370833 0.230556 0.437500
11 0.664583 0.532292 0.131944 0.156250
13 0.945833 0.756250 0.058333 0.195833
15 0.743056 0.692708 0.050000 0.089583
17 0.797917 0.244792 0.054167 0.064583
18 0.926389 0.457292 0.052778 0.118750
20 0.730556 0.903125 0.038889 0.043750
21 0.641667 0.360417 0.088889 0.137500
22 0.715278 0.255208 0.158333 0.202083
23 0.722917 0.432292 0.065278 0.093750
