0 0.418056 0.417708 0.175000 0.193750
1 0.379167 0.054167 0.111111 0.104167
2 0.869444 0.463542 0.083333 0.227083
3 0.656944 0.290625 0.266667 0.214583
4 0.564583 0.081250 0.131944 0.129167
6 0.627778 0.477083 0.080556 0.183333
7 0.542361 0.466667 0.093056 0.145833
8 0.627083 0.637500 0.098611 0.154167
9 0.282639 0.876042 0.118056 0.231250
10 0.797917 0.670833 0.045833 0.137500
11 0.308333 0.382292 0.166667 0.147917
12 0.845139 0.642708 0.081944 0.139583
15 0.497222 0.622917 0.175000 0.254167
17 0.452778 0.046875 0.075000 0.064583
18 0.558333 0.211458 0.027778 0.060417
20 0.539583 0.823958 0.215278 0.106250
21 0.266667 0.200000 0.119444 0.150000
22 0.370139 0.095833 0.223611 0.158333
23 0.368750 0.255208 0.076389 0.102083
