0 0.760417 0.658333 0.115278 0.187500
1 0.778472 0.176042 0.101389 0.177083
3 0.806944 0.389583 0.250000 0.500000
4 0.977778 0.300000 0.088889 0.162500
5 0.295139 0.220833 0.118056 0.095833
6 0.963194 0.745833 0.068056 0.212500
8 0.953472 0.902083 0.070833 0.120833
9 0.536111 0.963542 0.080556 0.056250
11 0.640972 0.559375 0.131944 0.152083
13 0.986111 0.884375 0.025000 0.214583
15 0.776389 0.789583 0.063889 0.100000
18 0.971528 0.485417 0.056944 0.162500
21 0.643056 0.353125 0.100000 0.177083
22 0.718750 0.204167 0.129167 0.200000
