3 0.863194 0.192708 0.109722 0.206250
4 0.918056 0.125000 0.150000 0.179167
5 0.115278 0.095833 0.097222 0.116667
6 0.702083 0.320833 0.134722 0.187500
7 0.606250 0.125000 0.126389 0.175000
9 0.552083 0.708333 0.290278 0.258333
10 0.961806 0.495833 0.073611 0.154167
11 0.536806 0.544792 0.251389 0.222917
15 0.765972 0.850000 0.131944 0.287500
17 0.797917 0.046875 0.070833 0.060417
18 0.943056 0.335417 0.113889 0.183333
20 0.315278 0.633333 0.158333 0.270833
21 0.580556 0.212500 0.105556 0.120833
22 0.668056 0.093750 0.302778 0.162500
23 0.611806 0.067708 0.129167 0.097917
