0 0.865278 0.810417 0.066667 0.170833
1 0.551389 0.185417 0.086111 0.133333
3 0.624306 0.284375 0.093056 0.106250
4 0.687500 0.239583 0.086111 0.112500
6 0.730556 0.479167 0.080556 0.129167
7 0.660417 0.475000 0.073611 0.120833
8 0.720833 0.584375 0.077778 0.114583
9 0.834028 0.262500 0.148611 0.166667
10 0.354167 0.454167 0.063889 0.175000
11 0.505556 0.416667 0.113889 0.100000
12 0.872917 0.625000 0.031944 0.104167
13 0.759722 0.561458 0.052778 0.143750
14 0.620139 0.372917 0.145833 0.154167
15 0.625000 0.566667 0.122222 0.162500
16 0.824306 0.834375 0.095833 0.143750
17 0.604861 0.209375 0.056944 0.056250
18 0.706944 0.356250 0.088889 0.095833
19 0.722222 0.794792 0.080556 0.185417
20 0.261111 0.713542 0.147222 0.093750
21 0.473611 0.301042 0.077778 0.106250
22 0.536806 0.233333 0.159722 0.183333
