0 0.984722 0.601042 0.100000 0.143750
1 0.761111 0.236458 0.083333 0.152083
2 0.604861 0.386458 0.154167 0.197917
3 0.819444 0.435417 0.105556 0.133333
4 0.831250 0.550000 0.126389 0.125000
6 0.895139 0.487500 0.070833 0.112500
8 0.918056 0.848958 0.097222 0.139583
9 0.547917 0.896875 0.159722 0.172917
10 0.287500 0.458333 0.141667 0.120833
11 0.668750 0.511458 0.134722 0.110417
13 0.934028 0.705208 0.051389 0.168750
15 0.788194 0.722917 0.118056 0.212500
17 0.765278 0.241667 0.133333 0.100000
18 0.990972 0.926042 0.018056 0.131250
20 0.512500 0.864583 0.127778 0.175000
21 0.658333 0.341667 0.083333 0.108333
22 0.736806 0.262500 0.170833 0.208333
23 0.714583 0.422917 0.065278 0.091667
