1 0.820139 0.192708 0.245833 0.368750
3 0.744444 0.460417 0.169444 0.100000
5 0.093056 0.335417 0.119444 0.112500
6 0.952083 0.815625 0.076389 0.218750
7 0.370139 0.401042 0.126389 0.143750
8 0.927083 0.951042 0.043056 0.077083
9 0.557639 0.871875 0.223611 0.243750
10 0.445833 0.600000 0.275000 0.400000
11 0.567361 0.727083 0.195833 0.154167
13 0.945139 0.893750 0.056944 0.195833
14 0.726389 0.603125 0.175000 0.339583
15 0.713889 0.925000 0.088889 0.095833
17 0.632639 0.219792 0.148611 0.085417
21 0.523611 0.417708 0.127778 0.202083
22 0.615278 0.280208 0.266667 0.306250
23 0.721528 0.822917 0.101389 0.125000
