0 0.731250 0.678125 0.126389 0.122917
1 0.687500 0.352083 0.083333 0.162500
4 0.912500 0.608333 0.072222 0.154167
6 0.868056 0.732292 0.108333 0.143750
8 0.840278 0.852083 0.080556 0.116667
9 0.545833 0.940625 0.094444 0.097917
11 0.629167 0.625000 0.108333 0.112500
12 0.982639 0.893750 0.031944 0.125000
13 0.885417 0.826042 0.051389 0.172917
15 0.729167 0.815625 0.125000 0.202083
17 0.751389 0.382292 0.055556 0.081250
18 0.850000 0.559375 0.077778 0.110417
20 0.466667 0.747917 0.080556 0.175000
21 0.601389 0.486458 0.086111 0.127083
22 0.686111 0.398958 0.183333 0.210417
23 0.675000 0.546875 0.058333 0.093750
