1 0.912500 0.407292 0.091667 0.172917
2 0.981250 0.672917 0.031944 0.133333
4 0.742361 0.231250 0.145833 0.162500
5 0.065972 0.266667 0.106944 0.116667
6 0.583333 0.422917 0.175000 0.141667
7 0.526389 0.570833 0.097222 0.141667
8 0.744444 0.860417 0.052778 0.145833
9 0.456944 0.718750 0.211111 0.183333
11 0.657639 0.290625 0.304167 0.452083
12 0.979167 0.847917 0.041667 0.166667
14 0.941667 0.823958 0.066667 0.135417
15 0.947222 0.251042 0.105556 0.106250
17 0.557639 0.165625 0.162500 0.106250
20 0.294444 0.802083 0.169444 0.383333
21 0.637500 0.555208 0.130556 0.177083
22 0.515972 0.192708 0.243056 0.235417
23 0.573611 0.317708 0.077778 0.097917
