3 0.743056 0.173958 0.127778 0.206250
4 0.854861 0.082292 0.154167 0.160417
6 0.675000 0.333333 0.211111 0.179167
7 0.529861 0.145833 0.126389 0.166667
8 0.956250 0.855208 0.084722 0.181250
9 0.519444 0.728125 0.294444 0.231250
10 0.938889 0.460417 0.113889 0.162500
11 0.493750 0.575000 0.245833 0.250000
13 0.980556 0.786458 0.038889 0.356250
15 0.723611 0.767708 0.100000 0.135417
18 0.922222 0.290625 0.116667 0.193750
20 0.320833 0.886458 0.136111 0.202083
21 0.515278 0.247917 0.116667 0.120833
22 0.601389 0.102083 0.283333 0.170833
23 0.531944 0.075000 0.138889 0.125000
