0 0.694444 0.443750 0.119444 0.150000
1 0.365278 0.061458 0.113889 0.118750
2 0.867361 0.456250 0.070833 0.108333
3 0.796528 0.191667 0.234722 0.291667
4 0.472917 0.417708 0.181944 0.131250
6 0.496528 0.295833 0.156944 0.150000
7 0.654167 0.256250 0.138889 0.216667
8 0.601389 0.680208 0.125000 0.160417
9 0.225000 0.909375 0.111111 0.172917
10 0.460417 0.769792 0.298611 0.372917
11 0.264583 0.398958 0.190278 0.160417
13 0.652778 0.617708 0.108333 0.264583
15 0.440278 0.638542 0.191667 0.218750
16 0.726389 0.969792 0.116667 0.047917
17 0.434722 0.045833 0.047222 0.066667
18 0.559722 0.239583 0.097222 0.112500
20 0.090278 0.733333 0.130556 0.275000
21 0.223611 0.204167 0.116667 0.162500
22 0.325694 0.100000 0.237500 0.175000
23 0.305556 0.283333 0.088889 0.104167
