0 0.599306 0.639583 0.148611 0.208333
1 0.550694 0.097917 0.134722 0.191667
4 0.895139 0.452083 0.118056 0.254167
6 0.877778 0.607292 0.111111 0.102083
10 0.515278 0.245833 0.111111 0.175000
11 0.419444 0.566667 0.219444 0.204167
12 0.992361 0.839583 0.018056 0.087500
15 0.640972 0.861458 0.206944 0.260417
17 0.553472 0.073958 0.204167 0.122917
18 0.793750 0.363542 0.129167 0.177083
20 0.196528 0.850000 0.118056 0.283333
21 0.379167 0.281250 0.141667 0.133333
22 0.513889 0.136458 0.275000 0.239583
23 0.491667 0.391667 0.119444 0.137500
