1 0.634028 0.102083 0.109722 0.175000
3 0.760417 0.277083 0.168056 0.175000
4 0.842361 0.213542 0.120833 0.156250
5 0.095833 0.189583 0.122222 0.100000
6 0.899306 0.710417 0.134722 0.220833
7 0.568750 0.206250 0.126389 0.208333
8 0.850000 0.902083 0.125000 0.183333
9 0.498611 0.706250 0.177778 0.258333
10 0.271528 0.358333 0.145833 0.141667
11 0.499306 0.542708 0.137500 0.181250
13 0.913194 0.847917 0.056944 0.287500
14 0.766667 0.441667 0.177778 0.270833
17 0.715278 0.122917 0.066667 0.108333
18 0.873611 0.417708 0.127778 0.177083
21 0.463889 0.311458 0.080556 0.189583
22 0.607639 0.148958 0.268056 0.264583
