0 0.991667 0.479167 0.052778 0.175000
1 0.711111 0.055208 0.102778 0.106250
4 0.980556 0.323958 0.041667 0.152083
6 0.823611 0.393750 0.088889 0.220833
9 0.528472 0.894792 0.204167 0.206250
10 0.801389 0.691667 0.247222 0.375000
11 0.631944 0.377083 0.188889 0.183333
15 0.792361 0.637500 0.165278 0.258333
17 0.777083 0.047917 0.031944 0.070833
18 0.906944 0.262500 0.102778 0.137500
20 0.463889 0.643750 0.169444 0.441667
21 0.586111 0.170833 0.116667 0.158333
22 0.674306 0.100000 0.229167 0.166667
23 0.672222 0.258333 0.088889 0.108333
