0 0.995833 0.584375 0.094444 0.127083
1 0.751389 0.094792 0.105556 0.172917
4 0.979861 0.428125 0.037500 0.177083
6 0.692361 0.409375 0.143056 0.210417
8 0.929167 0.725000 0.061111 0.070833
9 0.516667 0.907292 0.183333 0.164583
10 0.807639 0.769792 0.259722 0.389583
11 0.599306 0.395833 0.090278 0.116667
13 0.954167 0.704167 0.063889 0.216667
15 0.725694 0.623958 0.037500 0.064583
17 0.750694 0.091667 0.156944 0.133333
18 0.919444 0.361458 0.094444 0.147917
20 0.453472 0.642708 0.134722 0.381250
21 0.615278 0.222917 0.111111 0.175000
22 0.707639 0.134375 0.231944 0.243750
23 0.687500 0.326042 0.097222 0.106250
