1 0.770833 0.162500 0.094444 0.175000
2 0.620833 0.330208 0.177778 0.193750
3 0.856250 0.377083 0.131944 0.166667
4 0.884722 0.504167 0.111111 0.116667
6 0.943056 0.419792 0.069444 0.106250
8 0.968750 0.823958 0.062500 0.156250
9 0.611111 0.905208 0.188889 0.177083
10 0.578472 0.531250 0.159722 0.175000
13 0.981250 0.663542 0.034722 0.181250
17 0.773611 0.154167 0.144444 0.104167
20 0.560417 0.884375 0.151389 0.214583
21 0.669444 0.290625 0.094444 0.118750
22 0.740278 0.186458 0.197222 0.222917
23 0.739583 0.367708 0.076389 0.097917
