1 0.931944 0.305208 0.091667 0.193750
3 0.684722 0.190625 0.175000 0.152083
4 0.765278 0.118750 0.133333 0.133333
5 0.086111 0.169792 0.105556 0.102083
6 0.754167 0.438542 0.080556 0.193750
7 0.330556 0.212500 0.111111 0.137500
9 0.532639 0.637500 0.123611 0.179167
10 0.445139 0.333333 0.181944 0.329167
11 0.515278 0.463542 0.158333 0.110417
12 0.988194 0.761458 0.029167 0.156250
14 0.666667 0.345833 0.216667 0.283333
15 0.660417 0.692708 0.123611 0.214583
17 0.588194 0.061458 0.179167 0.089583
18 0.790972 0.278125 0.101389 0.102083
21 0.463889 0.202083 0.105556 0.129167
22 0.547917 0.113542 0.256944 0.197917
23 0.645833 0.551042 0.097222 0.118750
