1 0.354167 0.066667 0.127778 0.120833
2 0.684028 0.531250 0.251389 0.570833
3 0.415278 0.290625 0.155556 0.156250
4 0.449306 0.425000 0.176389 0.120833
6 0.537500 0.306250 0.097222 0.141667
8 0.573611 0.688542 0.119444 0.168750
9 0.184028 0.836458 0.062500 0.056250
10 0.551389 0.844792 0.155556 0.189583
11 0.244444 0.414583 0.180556 0.162500
13 0.625694 0.629167 0.095833 0.270833
15 0.408333 0.641667 0.180556 0.208333
17 0.375000 0.053125 0.169444 0.081250
18 0.555556 0.260417 0.102778 0.137500
20 0.105556 0.729167 0.194444 0.225000
21 0.219444 0.220833 0.111111 0.141667
22 0.326389 0.107292 0.236111 0.189583
23 0.291667 0.292708 0.077778 0.106250
