0 0.865278 0.504167 0.136111 0.187500
1 0.463889 0.064583 0.136111 0.125000
2 0.990278 0.542708 0.072222 0.281250
4 0.827778 0.337500 0.108333 0.162500
6 0.598611 0.204167 0.141667 0.204167
8 0.708333 0.785417 0.027778 0.108333
9 0.328472 0.983333 0.059722 0.029167
10 0.597222 0.911458 0.255556 0.160417
11 0.361111 0.470833 0.230556 0.187500
12 0.966667 0.756250 0.066667 0.170833
15 0.587500 0.773958 0.213889 0.289583
17 0.550694 0.046875 0.045833 0.068750
18 0.721528 0.283333 0.118056 0.154167
20 0.157639 0.817708 0.193056 0.352083
21 0.313194 0.243750 0.143056 0.195833
22 0.434028 0.101042 0.276389 0.185417
23 0.417361 0.329167 0.112500 0.129167
