0 0.868750 0.333333 0.120833 0.154167
1 0.559722 0.078125 0.097222 0.131250
2 0.316667 0.454167 0.113889 0.200000
3 0.646528 0.242708 0.134722 0.147917
4 0.681944 0.351042 0.141667 0.097917
6 0.731944 0.237500 0.083333 0.075000
8 0.807639 0.531250 0.104167 0.150000
9 0.489583 0.788542 0.170833 0.231250
10 0.813889 0.635417 0.113889 0.087500
11 0.524306 0.375000 0.140278 0.112500
12 0.206944 0.600000 0.163889 0.237500
13 0.844444 0.485417 0.097222 0.191667
15 0.678472 0.533333 0.154167 0.183333
16 0.950000 0.829167 0.080556 0.170833
17 0.570139 0.068750 0.134722 0.079167
18 0.760417 0.215625 0.098611 0.102083
20 0.451389 0.767708 0.105556 0.235417
21 0.466667 0.231250 0.097222 0.112500
22 0.540972 0.110417 0.204167 0.170833
23 0.543750 0.269792 0.070833 0.093750
