0 0.687500 0.243750 0.119444 0.162500
1 0.363889 0.026042 0.069444 0.047917
2 0.056250 0.319792 0.109722 0.193750
3 0.440278 0.144792 0.116667 0.118750
4 0.478472 0.252083 0.154167 0.095833
6 0.543750 0.165625 0.115278 0.114583
8 0.610417 0.468750 0.123611 0.150000
9 0.295833 0.713542 0.091667 0.122917
10 0.622222 0.619792 0.130556 0.160417
11 0.308333 0.303125 0.158333 0.110417
12 0.825694 0.429167 0.079167 0.083333
13 0.656944 0.418750 0.111111 0.225000
15 0.464583 0.469792 0.170833 0.206250
18 0.568750 0.109375 0.104167 0.077083
19 0.714583 0.908333 0.131944 0.162500
20 0.240278 0.713542 0.072222 0.222917
21 0.245139 0.141667 0.093056 0.125000
22 0.335417 0.056250 0.220833 0.083333
23 0.333333 0.171875 0.091667 0.093750
