0 0.767361 0.706250 0.237500 0.291667
1 0.627778 0.083333 0.172222 0.162500
4 0.956944 0.245833 0.088889 0.337500
5 0.122222 0.322917 0.102778 0.125000
6 0.954861 0.782292 0.045833 0.114583
10 0.276389 0.710417 0.200000 0.237500
11 0.567361 0.615625 0.212500 0.235417
15 0.770833 0.896875 0.233333 0.185417
17 0.732639 0.057292 0.098611 0.089583
18 0.945833 0.336458 0.091667 0.202083
20 0.189583 0.922917 0.245833 0.133333
21 0.491667 0.334375 0.175000 0.222917
22 0.630556 0.134375 0.330556 0.235417
23 0.633333 0.417708 0.116667 0.168750
