1 0.624306 0.218750 0.098611 0.175000
2 0.938194 0.761458 0.129167 0.143750
4 0.828472 0.559375 0.073611 0.177083
6 0.804167 0.673958 0.083333 0.106250
7 0.962500 0.917708 0.069444 0.093750
9 0.386806 0.931250 0.056944 0.120833
10 0.604167 0.740625 0.272222 0.331250
11 0.493056 0.507292 0.091667 0.139583
12 0.895139 0.893750 0.065278 0.120833
15 0.663889 0.853125 0.050000 0.097917
17 0.631250 0.220833 0.134722 0.133333
18 0.759722 0.477083 0.088889 0.137500
20 0.511111 0.476042 0.191667 0.293750
21 0.500000 0.301042 0.097222 0.102083
22 0.582639 0.233333 0.215278 0.262500
