0 0.756250 0.854167 0.051389 0.116667
1 0.715972 0.571875 0.079167 0.147917
4 0.951389 0.706250 0.077778 0.137500
6 0.932639 0.820833 0.068056 0.133333
8 0.934028 0.934375 0.054167 0.093750
10 0.821528 0.584375 0.140278 0.222917
11 0.672222 0.835417 0.116667 0.083333
13 0.960417 0.905208 0.062500 0.143750
14 0.027083 0.939583 0.037500 0.104167
15 0.774306 0.928125 0.043056 0.064583
17 0.718750 0.559375 0.123611 0.081250
18 0.889583 0.673958 0.054167 0.085417
20 0.538889 0.957292 0.061111 0.068750
21 0.634028 0.705208 0.081944 0.097917
22 0.688889 0.602083 0.166667 0.162500
23 0.706250 0.757292 0.059722 0.093750
