0 0.388889 0.233333 0.125000 0.187500
4 0.171528 0.397917 0.204167 0.145833
6 0.185417 0.228125 0.131944 0.106250
8 0.363889 0.540625 0.127778 0.193750
10 0.425694 0.645833 0.151389 0.170833
11 0.046528 0.521875 0.065278 0.047917
12 0.411111 0.922917 0.175000 0.145833
13 0.402778 0.464583 0.163889 0.266667
15 0.222222 0.626042 0.211111 0.156250
16 0.647917 0.855208 0.140278 0.193750
17 0.054167 0.076042 0.075000 0.106250
18 0.697917 0.519792 0.140278 0.172917
19 0.958333 0.945833 0.083333 0.091667
22 0.048611 0.189583 0.083333 0.137500
