0 0.618750 0.503125 0.120833 0.143750
1 0.547222 0.184375 0.083333 0.156250
2 0.947222 0.535417 0.094444 0.179167
4 0.698611 0.237500 0.111111 0.120833
6 0.759722 0.526042 0.091667 0.164583
8 0.762500 0.657292 0.091667 0.131250
9 0.434722 0.907292 0.080556 0.118750
10 0.389583 0.554167 0.176389 0.287500
11 0.509722 0.480208 0.111111 0.097917
12 0.936111 0.682292 0.069444 0.131250
13 0.806944 0.631250 0.075000 0.166667
15 0.642361 0.653125 0.134722 0.193750
16 0.856944 0.934375 0.108333 0.127083
17 0.606944 0.204167 0.055556 0.066667
18 0.730556 0.363542 0.088889 0.102083
21 0.466667 0.327083 0.091667 0.112500
22 0.536806 0.226042 0.190278 0.189583
23 0.547917 0.384375 0.068056 0.097917
