1 0.864583 0.335417 0.084722 0.145833
2 0.710417 0.476042 0.165278 0.206250
3 0.901389 0.529167 0.102778 0.154167
4 0.910417 0.647917 0.115278 0.129167
6 0.968750 0.575000 0.059722 0.104167
8 0.959028 0.940625 0.084722 0.106250
9 0.561806 0.977083 0.059722 0.033333
10 0.784028 0.738542 0.259722 0.472917
11 0.742361 0.578125 0.095833 0.081250
13 0.986111 0.809375 0.027778 0.168750
14 0.072917 0.482292 0.076389 0.122917
15 0.858333 0.809375 0.097222 0.210417
17 0.874306 0.340625 0.126389 0.102083
20 0.538194 0.945833 0.070833 0.091667
21 0.763194 0.426042 0.081944 0.106250
22 0.843750 0.359375 0.159722 0.222917
23 0.811806 0.515625 0.062500 0.093750
