3 0.756944 0.316667 0.133333 0.141667
5 0.060417 0.059375 0.098611 0.093750
6 0.665278 0.390625 0.200000 0.227083
7 0.556250 0.145833 0.131944 0.187500
8 0.824306 0.925000 0.134722 0.133333
9 0.463889 0.738542 0.277778 0.243750
10 0.846528 0.586458 0.076389 0.160417
11 0.454167 0.575000 0.261111 0.216667
13 0.887500 0.856250 0.050000 0.279167
15 0.684722 0.875000 0.155556 0.241667
17 0.682639 0.075000 0.168056 0.120833
18 0.832639 0.425000 0.059722 0.175000
20 0.225000 0.788542 0.080556 0.185417
21 0.513889 0.237500 0.102778 0.166667
22 0.597222 0.118750 0.275000 0.208333
23 0.661111 0.253125 0.100000 0.122917
