2 0.904167 0.608333 0.100000 0.137500
3 0.472222 0.368750 0.188889 0.175000
4 0.543056 0.218750 0.191667 0.175000
6 0.384722 0.516667 0.197222 0.150000
7 0.338889 0.711458 0.125000 0.156250
8 0.691667 0.913542 0.177778 0.156250
9 0.346528 0.883333 0.137500 0.200000
10 0.642361 0.573958 0.145833 0.168750
11 0.681944 0.680208 0.122222 0.097917
12 0.921528 0.765625 0.079167 0.164583
13 0.685417 0.752083 0.143056 0.112500
17 0.339583 0.181250 0.201389 0.112500
18 0.610417 0.415625 0.159722 0.202083
20 0.824306 0.217708 0.231944 0.352083
21 0.459028 0.659375 0.148611 0.185417
22 0.295833 0.253125 0.280556 0.243750
23 0.357639 0.393750 0.101389 0.133333
