1 1.004167 0.382292 0.088889 0.189583
3 0.789583 0.225000 0.173611 0.158333
4 0.870139 0.167708 0.120833 0.172917
5 0.172222 0.104167 0.122222 0.108333
6 0.866667 0.481250 0.116667 0.183333
7 0.436111 0.185417 0.113889 0.137500
8 0.884722 0.794792 0.086111 0.147917
9 0.569444 0.610417 0.194444 0.258333
10 0.595833 0.319792 0.113889 0.143750
11 0.556250 0.460417 0.143056 0.179167
13 0.928472 0.750000 0.056944 0.300000
14 0.792361 0.352083 0.187500 0.245833
17 0.706944 0.072917 0.175000 0.116667
18 0.900000 0.360417 0.116667 0.154167
21 0.571528 0.205208 0.115278 0.160417
22 0.657639 0.122917 0.248611 0.216667
