0 0.836806 0.458333 0.045833 0.112500
1 0.841667 0.044792 0.100000 0.085417
4 0.986806 0.095833 0.081944 0.116667
5 0.386111 0.082292 0.077778 0.081250
7 0.985417 0.497917 0.029167 0.133333
9 0.759722 0.912500 0.188889 0.158333
10 0.831944 0.156250 0.152778 0.262500
11 0.784722 0.364583 0.127778 0.133333
14 0.961806 0.294792 0.079167 0.256250
17 0.909028 0.053125 0.054167 0.077083
20 0.442361 0.934375 0.223611 0.122917
21 0.734028 0.179167 0.087500 0.162500
22 0.820139 0.095833 0.226389 0.166667
