3 0.825000 0.133333 0.105556 0.125000
4 0.900000 0.095833 0.108333 0.125000
5 0.302778 0.054167 0.094444 0.054167
6 0.756250 0.208333 0.140278 0.116667
7 0.706250 0.313542 0.081944 0.127083
8 0.895139 0.577083 0.065278 0.133333
9 0.636111 0.427083 0.183333 0.154167
10 0.924306 0.322917 0.084722 0.095833
11 0.593056 0.313542 0.166667 0.131250
14 0.990278 0.627083 0.013889 0.166667
15 0.793056 0.547917 0.119444 0.245833
17 0.779167 0.038542 0.080556 0.047917
20 0.479861 0.378125 0.112500 0.177083
21 0.798611 0.310417 0.100000 0.150000
22 0.706250 0.089583 0.212500 0.145833
