1 0.595833 0.087500 0.130556 0.170833
3 0.752778 0.233333 0.202778 0.175000
4 0.818750 0.137500 0.148611 0.162500
5 0.076389 0.245833 0.102778 0.095833
6 0.927083 0.664583 0.140278 0.250000
7 0.106250 0.480208 0.095833 0.068750
8 0.909028 0.838542 0.090278 0.135417
9 0.532639 0.744792 0.231944 0.268750
10 0.311111 0.478125 0.147222 0.177083
11 0.520139 0.555208 0.195833 0.202083
13 0.949306 0.801042 0.070833 0.318750
14 0.766667 0.394792 0.197222 0.281250
15 0.679167 0.773958 0.055556 0.118750
17 0.688194 0.073958 0.070833 0.102083
18 0.881944 0.351042 0.141667 0.197917
21 0.463194 0.298958 0.154167 0.206250
22 0.584722 0.136458 0.294444 0.243750
23 0.545833 0.445833 0.094444 0.162500
