0 0.860417 0.607292 0.126389 0.185417
2 0.745833 0.109375 0.155556 0.102083
6 0.373611 0.040625 0.155556 0.056250
7 0.331944 0.136458 0.094444 0.118750
8 0.600000 0.312500 0.144444 0.162500
9 0.284722 0.250000 0.188889 0.137500
10 0.565972 0.063542 0.104167 0.093750
11 0.604861 0.121875 0.129167 0.085417
12 0.803472 0.239583 0.090278 0.145833
13 0.615278 0.180208 0.158333 0.118750
14 0.716667 0.334375 0.186111 0.318750
16 0.769444 0.665625 0.136111 0.172917
19 0.629861 0.629167 0.173611 0.283333
20 0.131944 0.225000 0.208333 0.304167
21 0.426389 0.094792 0.105556 0.127083
