1 0.736806 0.041667 0.131944 0.079167
5 0.189583 0.028125 0.073611 0.031250
6 0.863889 0.247917 0.083333 0.216667
8 0.920139 0.784375 0.056944 0.181250
9 0.519444 0.929167 0.113889 0.129167
10 0.796528 0.871875 0.262500 0.243750
11 0.626389 0.379167 0.219444 0.225000
15 0.793056 0.718750 0.177778 0.308333
17 0.807639 0.029167 0.043056 0.033333
18 0.947222 0.279167 0.105556 0.183333
20 0.368056 0.683333 0.183333 0.450000
21 0.577083 0.144792 0.143056 0.189583
22 0.714583 0.080208 0.240278 0.135417
23 0.681944 0.247917 0.108333 0.129167
