0 0.581944 0.636458 0.183333 0.202083
1 0.637500 0.285417 0.161111 0.245833
2 0.970833 0.716667 0.077778 0.283333
4 0.847222 0.519792 0.086111 0.202083
5 0.052778 0.119792 0.055556 0.047917
6 0.716667 0.748958 0.047222 0.110417
7 0.993056 0.938542 0.016667 0.097917
8 0.715278 0.900000 0.077778 0.162500
10 0.358333 0.787500 0.175000 0.254167
11 0.409722 0.534375 0.202778 0.210417
12 0.956944 0.897917 0.038889 0.112500
15 0.575694 0.845833 0.181944 0.283333
17 0.558333 0.136458 0.175000 0.139583
18 0.784028 0.429167 0.043056 0.133333
20 0.176389 0.761458 0.119444 0.293750
21 0.384028 0.300000 0.129167 0.191667
22 0.500694 0.163542 0.248611 0.285417
23 0.488889 0.404167 0.091667 0.116667
