0 0.672917 0.256250 0.129167 0.137500
2 0.976389 0.347917 0.088889 0.170833
4 0.763889 0.044792 0.083333 0.085417
6 0.811111 0.294792 0.091667 0.147917
8 0.811806 0.427083 0.095833 0.120833
9 0.490278 0.595833 0.141667 0.187500
10 0.701389 0.910417 0.175000 0.166667
11 0.559722 0.228125 0.113889 0.135417
12 0.971528 0.484375 0.054167 0.127083
13 0.850694 0.404167 0.079167 0.179167
15 0.692361 0.397917 0.129167 0.187500
16 0.893056 0.686458 0.077778 0.047917
18 0.784722 0.144792 0.088889 0.102083
21 0.518056 0.088542 0.091667 0.122917
22 0.598611 0.048958 0.186111 0.081250
