0 0.937500 0.468750 0.111111 0.150000
1 0.625000 0.048958 0.105556 0.093750
4 0.922917 0.318750 0.068056 0.166667
5 0.136111 0.038542 0.058333 0.047917
6 0.779861 0.445833 0.129167 0.216667
8 0.812500 0.726042 0.055556 0.131250
9 0.429861 0.896875 0.165278 0.189583
10 0.680556 0.751042 0.272222 0.410417
11 0.510417 0.371875 0.204167 0.193750
13 0.894444 0.605208 0.052778 0.177083
15 0.686806 0.659375 0.173611 0.277083
17 0.697222 0.038542 0.047222 0.056250
18 0.828472 0.261458 0.106944 0.152083
20 0.303472 0.656250 0.145833 0.429167
21 0.483333 0.158333 0.122222 0.162500
22 0.588194 0.093750 0.256944 0.154167
23 0.572222 0.248958 0.097222 0.114583
