1 0.804167 0.100000 0.091667 0.145833
2 0.540972 0.460417 0.118056 0.237500
3 0.880556 0.313542 0.133333 0.160417
4 0.904861 0.436458 0.118056 0.106250
6 0.963194 0.341667 0.068056 0.120833
8 0.969444 0.660417 0.063889 0.137500
9 0.627083 0.834375 0.187500 0.202083
10 0.967361 0.789583 0.065278 0.150000
12 0.452778 0.634375 0.188889 0.227083
14 0.018750 0.479167 0.023611 0.116667
17 0.809722 0.102083 0.141667 0.100000
18 0.647917 0.333333 0.240278 0.291667
20 0.593750 0.789583 0.156944 0.237500
21 0.692361 0.223958 0.101389 0.106250
22 0.783333 0.131250 0.194444 0.212500
23 0.775694 0.295833 0.070833 0.087500
