1 0.773611 0.106250 0.097222 0.179167
6 0.911111 0.415625 0.030556 0.068750
9 0.611111 0.933333 0.122222 0.125000
10 0.852083 0.801042 0.251389 0.364583
11 0.682639 0.465625 0.181944 0.172917
13 0.986806 0.640625 0.026389 0.089583
15 0.826389 0.669792 0.113889 0.131250
17 0.768750 0.097917 0.165278 0.120833
18 0.952778 0.351042 0.094444 0.147917
20 0.538889 0.686458 0.125000 0.343750
21 0.640278 0.243750 0.113889 0.162500
22 0.718750 0.139583 0.226389 0.250000
23 0.736806 0.342708 0.079167 0.114583
