0 0.767361 0.364583 0.151389 0.166667
4 0.967361 0.298958 0.070833 0.185417
6 0.931944 0.451042 0.125000 0.177083
8 0.907639 0.591667 0.109722 0.120833
9 0.497222 0.805208 0.202778 0.239583
10 0.577083 0.594792 0.148611 0.222917
11 0.622222 0.291667 0.163889 0.175000
13 0.957639 0.575000 0.068056 0.245833
15 0.768056 0.500000 0.141667 0.158333
17 0.777083 0.021875 0.023611 0.018750
18 0.902778 0.212500 0.097222 0.137500
20 0.423611 0.478125 0.111111 0.235417
21 0.586111 0.102083 0.105556 0.154167
22 0.701389 0.070833 0.194444 0.112500
23 0.685417 0.179167 0.079167 0.112500
