1 0.780556 0.127083 0.091667 0.154167
2 0.497917 0.456250 0.143056 0.254167
3 0.844444 0.335417 0.108333 0.133333
4 0.870833 0.464583 0.127778 0.125000
6 0.936806 0.381250 0.070833 0.125000
8 0.947917 0.689583 0.093056 0.137500
9 0.588194 0.854167 0.195833 0.191667
10 0.932639 0.820833 0.101389 0.166667
12 0.367361 0.638542 0.173611 0.222917
13 0.979861 0.630208 0.040278 0.197917
15 0.859028 0.652083 0.076389 0.195833
17 0.786806 0.130208 0.143056 0.106250
18 0.589583 0.316667 0.162500 0.379167
20 0.558333 0.805208 0.152778 0.222917
21 0.673611 0.259375 0.097222 0.135417
22 0.752778 0.153125 0.200000 0.218750
23 0.741667 0.331250 0.077778 0.100000
