0 0.519444 0.405208 0.119444 0.152083
1 0.191667 0.175000 0.094444 0.170833
2 0.069444 0.423958 0.136111 0.156250
3 0.260417 0.364583 0.129167 0.204167
4 0.311806 0.465625 0.165278 0.102083
6 0.362500 0.354167 0.094444 0.125000
8 0.509028 0.720833 0.109722 0.183333
9 0.188889 0.915625 0.116667 0.152083
10 0.091667 0.891667 0.122222 0.204167
11 0.147917 0.533333 0.134722 0.087500
13 0.481944 0.564583 0.088889 0.175000
15 0.323611 0.662500 0.175000 0.179167
16 0.604167 0.927083 0.044444 0.120833
17 0.204167 0.153125 0.136111 0.097917
18 0.708333 0.700000 0.083333 0.145833
21 0.102778 0.351042 0.088889 0.102083
22 0.175000 0.220833 0.194444 0.158333
23 0.174306 0.401042 0.065278 0.102083
