0 0.930556 0.958333 0.097222 0.120833
2 0.984722 0.508333 0.061111 0.254167
3 0.634722 0.115625 0.180556 0.127083
4 0.705556 0.071875 0.136111 0.139583
6 0.780556 0.489583 0.116667 0.208333
8 0.752083 0.668750 0.123611 0.179167
9 0.415278 0.509375 0.175000 0.235417
10 0.504167 0.560417 0.044444 0.116667
11 0.434028 0.358333 0.193056 0.166667
12 0.957639 0.689583 0.070833 0.145833
13 0.805556 0.620833 0.069444 0.262500
14 0.609722 0.268750 0.233333 0.275000
15 0.638194 0.580208 0.093056 0.152083
17 0.599306 0.029167 0.065278 0.029167
18 0.755556 0.237500 0.102778 0.145833
20 0.148611 0.898958 0.163889 0.185417
21 0.409722 0.132292 0.111111 0.131250
22 0.497917 0.079167 0.254167 0.129167
23 0.584028 0.452083 0.090278 0.125000
