1 0.457639 0.087500 0.106944 0.158333
2 0.915972 0.453125 0.129167 0.168750
4 0.751389 0.297917 0.094444 0.170833
5 0.114583 0.205208 0.054167 0.039583
6 0.700694 0.448958 0.109722 0.189583
7 0.979861 0.621875 0.037500 0.106250
8 0.688194 0.585417 0.104167 0.137500
10 0.530556 0.479167 0.152778 0.154167
12 0.894444 0.607292 0.086111 0.139583
13 0.740972 0.553125 0.079167 0.197917
16 0.803472 0.912500 0.129167 0.150000
17 0.528472 0.098958 0.068056 0.077083
18 0.665278 0.261458 0.097222 0.110417
20 0.258333 0.568750 0.091667 0.179167
21 0.372917 0.240625 0.098611 0.114583
22 0.454861 0.137500 0.209722 0.183333
23 0.450000 0.288542 0.075000 0.097917
