1 0.802778 0.273958 0.091667 0.172917
2 0.627083 0.412500 0.140278 0.162500
3 0.860417 0.494792 0.126389 0.160417
4 0.881250 0.614583 0.123611 0.120833
6 0.949306 0.527083 0.062500 0.120833
8 0.958333 0.918750 0.088889 0.145833
9 0.634028 0.938542 0.104167 0.110417
10 0.642361 0.534375 0.190278 0.302083
11 0.697917 0.559375 0.048611 0.039583
13 0.979167 0.762500 0.036111 0.166667
15 0.868750 0.804167 0.062500 0.179167
17 0.809028 0.277083 0.137500 0.108333
20 0.572222 0.916667 0.133333 0.154167
21 0.698611 0.393750 0.091667 0.095833
22 0.776389 0.305208 0.183333 0.210417
23 0.767361 0.496875 0.059722 0.102083
