0 0.995833 0.435417 0.083333 0.150000
1 0.722917 0.068750 0.101389 0.120833
2 0.555556 0.222917 0.180556 0.225000
3 0.820139 0.267708 0.165278 0.139583
4 0.833333 0.389583 0.130556 0.141667
6 0.897222 0.304167 0.069444 0.120833
8 0.941667 0.723958 0.100000 0.160417
9 0.556944 0.832292 0.205556 0.218750
10 0.565278 0.597917 0.147222 0.191667
11 0.643750 0.352083 0.165278 0.116667
13 0.947222 0.553125 0.055556 0.193750
15 0.793750 0.584375 0.145833 0.227083
17 0.777083 0.051042 0.031944 0.081250
20 0.503472 0.787500 0.168056 0.245833
21 0.613889 0.165625 0.097222 0.102083
22 0.677778 0.093750 0.200000 0.158333
23 0.686806 0.254167 0.081944 0.100000
