0 0.493750 0.541667 0.184722 0.204167
1 0.411111 0.079167 0.119444 0.154167
2 0.984722 0.494792 0.066667 0.297917
3 0.556944 0.202083 0.172222 0.112500
4 0.628472 0.095833 0.156944 0.125000
5 0.020139 0.296875 0.018056 0.060417
6 0.734722 0.544792 0.094444 0.214583
7 0.634722 0.558333 0.100000 0.150000
8 0.715972 0.744792 0.079167 0.189583
9 0.354167 0.951042 0.094444 0.085417
10 0.913194 0.760417 0.068056 0.158333
11 0.337500 0.500000 0.161111 0.154167
12 0.968750 0.716667 0.062500 0.141667
15 0.588194 0.745833 0.204167 0.266667
17 0.494444 0.062500 0.080556 0.091667
18 0.686111 0.275000 0.150000 0.175000
20 0.665278 0.952083 0.175000 0.087500
21 0.306944 0.297917 0.125000 0.175000
22 0.401389 0.119792 0.250000 0.210417
23 0.417361 0.345833 0.093056 0.137500
