0 0.905556 0.461458 0.105556 0.143750
1 0.822917 0.087500 0.095833 0.166667
4 0.979167 0.191667 0.111111 0.145833
6 0.979861 0.564583 0.037500 0.125000
8 0.976389 0.690625 0.047222 0.135417
9 0.644444 0.838542 0.183333 0.218750
10 0.736806 0.384375 0.223611 0.331250
17 0.843056 0.105208 0.133333 0.106250
18 0.977778 0.331250 0.041667 0.125000
20 0.817361 0.802083 0.023611 0.037500
21 0.733333 0.225000 0.097222 0.141667
22 0.812500 0.121875 0.188889 0.218750
23 0.810417 0.310417 0.087500 0.133333
