3 0.861806 0.489583 0.179167 0.191667
4 0.938889 0.406250 0.122222 0.187500
6 0.818056 0.776042 0.127778 0.264583
7 0.424306 0.491667 0.131944 0.179167
9 0.509028 0.953125 0.162500 0.072917
10 0.952083 0.785417 0.093056 0.150000
11 0.514583 0.817708 0.140278 0.172917
13 0.976389 0.954167 0.047222 0.079167
17 0.792361 0.316667 0.145833 0.120833
18 0.950000 0.628125 0.100000 0.185417
20 0.708333 0.248958 0.291667 0.468750
21 0.632639 0.447917 0.123611 0.125000
22 0.719444 0.345833 0.280556 0.316667
23 0.516667 0.606250 0.113889 0.162500
