1 0.604167 0.139583 0.136111 0.179167
2 0.922917 0.761458 0.131944 0.218750
4 0.751389 0.265625 0.100000 0.135417
6 0.811111 0.680208 0.019444 0.056250
7 0.708333 0.419792 0.172222 0.231250
9 0.391667 0.583333 0.083333 0.104167
10 0.631944 0.747917 0.205556 0.312500
11 0.450000 0.488542 0.172222 0.185417
12 0.872222 0.928125 0.061111 0.131250
14 0.574306 0.477083 0.118056 0.158333
17 0.613889 0.145833 0.152778 0.162500
20 0.077083 0.959375 0.054167 0.064583
21 0.471528 0.250000 0.131944 0.158333
22 0.560417 0.169792 0.234722 0.293750
