1 0.986806 0.420833 0.059722 0.170833
3 0.822222 0.348958 0.100000 0.127083
4 0.876389 0.300000 0.113889 0.125000
6 0.761111 0.413542 0.108333 0.093750
7 0.725000 0.506250 0.061111 0.104167
8 0.902778 0.712500 0.100000 0.129167
9 0.672917 0.605208 0.156944 0.131250
10 0.906944 0.502083 0.077778 0.079167
11 0.928472 0.561458 0.095833 0.064583
13 0.927083 0.615625 0.101389 0.114583
14 0.950000 0.745833 0.100000 0.254167
16 0.965278 0.962500 0.069444 0.058333
17 0.745139 0.230208 0.126389 0.085417
18 0.895833 0.409375 0.091667 0.110417
19 0.887500 0.927083 0.119444 0.137500
20 0.489583 0.368750 0.137500 0.295833
21 0.798611 0.497917 0.088889 0.125000
22 0.713889 0.260417 0.177778 0.183333
