0 0.876389 0.602083 0.113889 0.141667
1 0.643056 0.207292 0.091667 0.152083
2 0.379167 0.548958 0.138889 0.243750
3 0.691667 0.420833 0.094444 0.141667
4 0.714583 0.545833 0.123611 0.141667
6 0.788194 0.473958 0.056944 0.106250
8 0.781944 0.771875 0.097222 0.127083
9 0.463194 0.889583 0.129167 0.145833
10 0.770139 0.876042 0.104167 0.118750
11 0.545139 0.485417 0.143056 0.141667
12 0.435417 0.768750 0.204167 0.229167
13 0.824306 0.732292 0.065278 0.222917
15 0.661806 0.722917 0.126389 0.229167
17 0.647917 0.210417 0.148611 0.120833
21 0.520139 0.315625 0.095833 0.118750
22 0.608333 0.233333 0.211111 0.225000
23 0.586111 0.400000 0.077778 0.100000
