1 0.388889 0.081250 0.125000 0.154167
2 0.979167 0.391667 0.041667 0.150000
3 0.914583 0.172917 0.143056 0.175000
4 0.862500 0.073958 0.197222 0.106250
5 0.971528 0.175000 0.056944 0.158333
6 0.787500 0.192708 0.155556 0.139583
7 0.679861 0.133333 0.131944 0.112500
8 0.748611 0.470833 0.180556 0.170833
9 0.469444 0.025000 0.041667 0.045833
10 0.981250 0.626042 0.043056 0.185417
12 0.079861 0.481250 0.076389 0.116667
13 0.214583 0.618750 0.070833 0.129167
14 0.527083 0.456250 0.198611 0.383333
15 0.650000 0.065625 0.141667 0.127083
16 0.661111 0.261458 0.108333 0.181250
17 0.474306 0.121875 0.104167 0.197917
18 0.140278 0.252083 0.077778 0.125000
20 0.595139 0.046875 0.143056 0.081250
21 0.773611 0.316667 0.119444 0.170833
22 0.550694 0.426042 0.206944 0.456250
23 0.525000 0.097917 0.088889 0.108333
