1 0.513889 0.263542 0.097222 0.152083
2 0.397222 0.640625 0.086111 0.081250
3 0.979167 0.181250 0.050000 0.166667
4 0.898611 0.262500 0.147222 0.112500
6 0.974306 0.307292 0.054167 0.060417
7 0.776389 0.232292 0.086111 0.122917
8 0.772222 0.498958 0.088889 0.143750
9 0.561111 0.217708 0.088889 0.106250
12 0.977083 0.540625 0.051389 0.164583
14 0.610417 0.420833 0.159722 0.287500
16 0.880556 0.800000 0.113889 0.179167
17 0.869444 0.212500 0.088889 0.137500
18 0.747222 0.409375 0.116667 0.118750
19 0.982639 0.389583 0.054167 0.137500
20 0.673611 0.226042 0.133333 0.118750
21 0.875694 0.643750 0.129167 0.162500
22 0.619444 0.472917 0.136111 0.304167
23 0.956944 0.637500 0.047222 0.100000
