1 0.404167 0.098958 0.116667 0.172917
2 0.983333 0.362500 0.036111 0.133333
3 0.906944 0.175000 0.138889 0.208333
4 0.860417 0.056250 0.190278 0.095833
6 0.788194 0.169792 0.145833 0.152083
7 0.684028 0.121875 0.123611 0.097917
8 0.758333 0.363542 0.088889 0.210417
9 0.451389 0.041667 0.105556 0.079167
10 0.998611 0.595833 0.008333 0.141667
12 0.118056 0.521875 0.075000 0.102083
14 0.520833 0.281250 0.177778 0.350000
15 0.653472 0.064583 0.123611 0.125000
16 0.664583 0.244792 0.126389 0.168750
17 0.832639 0.054167 0.048611 0.091667
18 0.341667 0.487500 0.191667 0.304167
20 0.563889 0.037500 0.127778 0.070833
21 0.801389 0.222917 0.061111 0.162500
22 0.561806 0.381250 0.143056 0.341667
23 0.545833 0.110417 0.080556 0.087500
