1 0.204167 0.082292 0.125000 0.152083
2 0.327778 0.432292 0.269444 0.264583
3 0.786111 0.108333 0.105556 0.162500
4 0.670139 0.156250 0.151389 0.108333
6 0.793750 0.242708 0.140278 0.077083
7 0.599306 0.205208 0.118056 0.172917
8 0.495139 0.417708 0.129167 0.185417
9 0.259722 0.043750 0.097222 0.083333
10 0.802778 0.739583 0.125000 0.158333
11 0.906944 0.396875 0.094444 0.147917
13 0.906944 0.294792 0.094444 0.206250
14 0.306944 0.240625 0.200000 0.285417
15 0.037500 0.366667 0.052778 0.141667
16 0.678472 0.296875 0.134722 0.139583
17 0.640972 0.101042 0.106944 0.160417
18 0.461806 0.285417 0.159722 0.158333
19 0.823611 0.382292 0.161111 0.243750
20 0.393750 0.070833 0.165278 0.125000
21 0.597917 0.295833 0.112500 0.129167
22 0.305556 0.342708 0.144444 0.377083
23 0.686111 0.622917 0.077778 0.129167
