1 0.102083 0.071875 0.093056 0.131250
4 0.463889 0.031250 0.094444 0.054167
6 0.549306 0.060417 0.070833 0.112500
8 0.362500 0.247917 0.091667 0.145833
9 0.167361 0.027083 0.048611 0.050000
10 0.652778 0.454167 0.133333 0.208333
11 0.757639 0.160417 0.112500 0.100000
12 0.580556 0.302083 0.138889 0.166667
13 0.748611 0.079167 0.102778 0.154167
14 0.197917 0.193750 0.154167 0.283333
15 0.285417 0.041667 0.054167 0.079167
16 0.344444 0.069792 0.094444 0.131250
17 0.495139 0.020833 0.043056 0.033333
18 0.320833 0.170833 0.108333 0.125000
19 0.658333 0.162500 0.175000 0.208333
20 0.230556 0.021875 0.083333 0.039583
21 0.469444 0.098958 0.094444 0.064583
22 0.200694 0.265625 0.131944 0.310417
23 0.213889 0.056250 0.052778 0.054167
