1 0.381250 0.051042 0.131944 0.089583
2 0.951389 0.562500 0.097222 0.166667
3 0.882639 0.329167 0.126389 0.195833
4 0.841667 0.218750 0.177778 0.145833
5 0.962500 0.342708 0.077778 0.139583
6 0.784028 0.318750 0.140278 0.125000
7 0.681944 0.197917 0.116667 0.125000
8 0.768750 0.506250 0.034722 0.050000
9 0.475694 0.019792 0.043056 0.035417
10 0.941667 0.721875 0.086111 0.127083
13 0.511806 0.489583 0.409722 0.275000
14 0.481944 0.355208 0.216667 0.222917
15 0.661806 0.094792 0.151389 0.135417
16 0.660417 0.307292 0.101389 0.160417
17 0.834028 0.157292 0.095833 0.189583
20 0.587500 0.076042 0.177778 0.135417
21 0.752778 0.396875 0.102778 0.152083
22 0.485417 0.306250 0.179167 0.220833
23 0.533333 0.095833 0.086111 0.108333
