1 0.516667 0.064583 0.102778 0.112500
2 0.622917 0.290625 0.212500 0.222917
4 0.902083 0.044792 0.159722 0.072917
6 0.977778 0.065625 0.052778 0.056250
7 0.780556 0.022917 0.080556 0.037500
8 0.781250 0.243750 0.090278 0.137500
9 0.581250 0.018750 0.034722 0.033333
12 0.985417 0.279167 0.034722 0.150000
14 0.618750 0.173958 0.154167 0.256250
15 0.377778 0.792708 0.255556 0.410417
16 0.905556 0.538542 0.113889 0.147917
17 0.894444 0.017708 0.044444 0.027083
18 0.755556 0.166667 0.108333 0.120833
19 0.989583 0.127083 0.034722 0.133333
20 0.672222 0.022917 0.133333 0.041667
21 0.890278 0.403125 0.144444 0.172917
23 0.974306 0.391667 0.051389 0.112500
