1 0.277083 0.208333 0.093056 0.162500
3 0.778472 0.106250 0.093056 0.162500
4 0.677778 0.188542 0.161111 0.106250
6 0.803472 0.225000 0.134722 0.133333
7 0.598611 0.246875 0.119444 0.135417
8 0.563889 0.439583 0.094444 0.150000
9 0.322222 0.156250 0.094444 0.100000
10 0.854861 0.646875 0.129167 0.197917
11 0.923611 0.332292 0.094444 0.085417
12 0.799306 0.466667 0.104167 0.141667
13 0.905556 0.243750 0.097222 0.175000
16 0.700000 0.326042 0.108333 0.164583
17 0.648611 0.140625 0.097222 0.147917
18 0.513889 0.347917 0.119444 0.125000
19 0.836806 0.348958 0.151389 0.193750
20 0.439583 0.152083 0.145833 0.116667
21 0.631944 0.308333 0.077778 0.129167
22 0.378472 0.350000 0.140278 0.179167
23 0.734722 0.581250 0.105556 0.125000
