1 0.113889 0.157292 0.097222 0.152083
3 0.642361 0.118750 0.098611 0.158333
4 0.528472 0.189583 0.162500 0.116667
6 0.487500 0.493750 0.272222 0.458333
7 0.387500 0.117708 0.080556 0.072917
8 0.391667 0.422917 0.111111 0.170833
9 0.163194 0.111458 0.087500 0.102083
10 0.649306 0.704167 0.084722 0.087500
11 0.769444 0.357292 0.116667 0.118750
13 0.769444 0.269792 0.100000 0.177083
14 0.212500 0.326042 0.175000 0.322917
15 0.345833 0.141667 0.127778 0.150000
16 0.368056 0.205208 0.094444 0.127083
17 0.512500 0.123958 0.111111 0.122917
18 0.350000 0.320833 0.136111 0.137500
19 0.681944 0.355208 0.158333 0.214583
20 0.285417 0.110417 0.137500 0.070833
21 0.508333 0.305208 0.097222 0.102083
22 0.215972 0.396875 0.140278 0.343750
23 0.240972 0.182292 0.062500 0.077083
