1 0.236111 0.183333 0.108333 0.154167
2 0.154861 0.622917 0.037500 0.062500
3 0.759722 0.091667 0.086111 0.158333
4 0.654861 0.163542 0.162500 0.089583
6 0.601389 0.225000 0.147222 0.087500
7 0.508333 0.118750 0.088889 0.062500
8 0.519444 0.406250 0.088889 0.137500
9 0.288889 0.131250 0.094444 0.100000
10 0.795139 0.618750 0.134722 0.208333
11 0.896528 0.327083 0.118056 0.120833
12 0.734722 0.476042 0.138889 0.172917
13 0.890278 0.237500 0.102778 0.175000
14 0.339583 0.328125 0.168056 0.310417
15 0.447222 0.153125 0.086111 0.139583
16 0.497917 0.204167 0.095833 0.129167
17 0.624306 0.123958 0.090278 0.143750
18 0.477083 0.316667 0.120833 0.129167
19 0.801389 0.330208 0.175000 0.214583
20 0.395139 0.121875 0.118056 0.068750
21 0.619444 0.306250 0.097222 0.150000
22 0.354167 0.402083 0.133333 0.341667
23 0.362500 0.189583 0.066667 0.066667
