1 0.153472 0.357292 0.137500 0.210417
2 0.752778 0.939583 0.058333 0.112500
3 0.685417 0.736458 0.104167 0.185417
4 0.595833 0.526042 0.094444 0.102083
5 0.872222 0.621875 0.055556 0.077083
6 0.565278 0.706250 0.191667 0.166667
7 0.447917 0.610417 0.140278 0.191667
8 0.470833 0.969792 0.194444 0.056250
9 0.217361 0.285417 0.098611 0.166667
14 0.436111 0.171875 0.205556 0.164583
15 0.442361 0.415625 0.184722 0.231250
16 0.399306 0.743750 0.154167 0.179167
17 0.244444 0.488542 0.116667 0.310417
19 0.309028 0.213542 0.118056 0.189583
20 0.384028 0.386458 0.170833 0.189583
21 0.502083 0.893750 0.165278 0.200000
22 0.265972 0.839583 0.212500 0.308333
23 0.288889 0.459375 0.094444 0.139583
