1 0.523611 0.179167 0.088889 0.145833
3 0.975000 0.068750 0.052778 0.129167
4 0.896528 0.139583 0.140278 0.125000
5 0.703472 0.641667 0.093056 0.125000
6 0.977778 0.176042 0.047222 0.064583
7 0.775000 0.114583 0.086111 0.120833
8 0.790278 0.353125 0.077778 0.097917
9 0.561806 0.122917 0.084722 0.104167
12 0.988889 0.384375 0.036111 0.135417
14 0.624306 0.320833 0.154167 0.283333
15 0.399306 0.370833 0.062500 0.091667
16 0.915972 0.683333 0.095833 0.150000
17 0.868056 0.086458 0.097222 0.131250
18 0.759722 0.295833 0.113889 0.120833
19 0.988194 0.240625 0.045833 0.131250
20 0.679167 0.115625 0.127778 0.114583
21 0.913889 0.515625 0.141667 0.181250
22 0.638194 0.355208 0.134722 0.268750
