1 0.504167 0.102083 0.100000 0.141667
2 0.609028 0.367708 0.220833 0.227083
3 0.976389 0.052083 0.055556 0.087500
4 0.891667 0.091667 0.152778 0.112500
5 0.688194 0.618750 0.051389 0.054167
6 0.976389 0.131250 0.066667 0.062500
7 0.766667 0.058333 0.086111 0.108333
8 0.769444 0.318750 0.086111 0.141667
9 0.551389 0.057292 0.086111 0.085417
12 0.978472 0.365625 0.056944 0.168750
14 0.599306 0.241667 0.159722 0.266667
15 0.297222 0.507292 0.116667 0.422917
16 0.888889 0.626042 0.111111 0.189583
17 0.859028 0.053125 0.093056 0.097917
18 0.743056 0.235417 0.111111 0.125000
19 0.980556 0.208333 0.058333 0.145833
20 0.661806 0.060417 0.134722 0.112500
21 0.875694 0.473958 0.140278 0.164583
22 0.613889 0.245833 0.125000 0.175000
23 0.959028 0.456250 0.048611 0.100000
