1 0.252083 0.178125 0.106944 0.156250
2 0.886806 0.400000 0.220833 0.141667
3 0.734028 0.238542 0.145833 0.152083
4 0.677778 0.164583 0.175000 0.125000
5 0.813889 0.206250 0.102778 0.154167
6 0.632639 0.295833 0.145833 0.154167
7 0.540278 0.122917 0.097222 0.137500
8 0.596528 0.512500 0.162500 0.137500
9 0.300000 0.111458 0.094444 0.081250
10 0.865278 0.594792 0.113889 0.193750
11 0.932639 0.292708 0.129167 0.089583
13 0.108333 0.705208 0.052778 0.127083
14 0.475694 0.022917 0.120833 0.037500
15 0.466667 0.139583 0.075000 0.162500
16 0.341667 0.401042 0.108333 0.147917
17 0.331944 0.188542 0.094444 0.089583
18 0.025000 0.357292 0.047222 0.118750
19 0.362500 0.056250 0.075000 0.108333
20 0.414583 0.117708 0.129167 0.081250
21 0.345833 0.560417 0.138889 0.175000
22 0.441667 0.335417 0.255556 0.320833
23 0.383333 0.188542 0.077778 0.060417
