1 0.118056 0.156250 0.113889 0.187500
2 0.756250 0.572917 0.165278 0.154167
3 0.633333 0.375000 0.138889 0.162500
4 0.521528 0.215625 0.056944 0.081250
5 0.631250 0.164583 0.176389 0.254167
6 0.509722 0.350000 0.175000 0.116667
7 0.402778 0.281250 0.119444 0.133333
8 0.448611 0.641667 0.191667 0.175000
9 0.177778 0.097917 0.100000 0.120833
10 0.737500 0.807292 0.144444 0.243750
13 0.848611 0.331250 0.075000 0.125000
14 0.191667 0.451042 0.186111 0.364583
15 0.388194 0.162500 0.154167 0.175000
16 0.375000 0.418750 0.127778 0.179167
17 0.572222 0.121875 0.108333 0.064583
19 0.255556 0.053125 0.086111 0.097917
20 0.314583 0.145833 0.179167 0.141667
21 0.488889 0.483333 0.119444 0.162500
22 0.222917 0.481250 0.198611 0.433333
23 0.256944 0.207292 0.086111 0.106250
