0 0.215972 0.750000 0.043056 0.087500
1 0.540972 0.151042 0.093056 0.147917
3 0.993056 0.081250 0.025000 0.145833
4 0.925000 0.157292 0.144444 0.114583
6 0.991667 0.211458 0.022222 0.056250
7 0.801389 0.116667 0.088889 0.125000
8 0.804167 0.376042 0.088889 0.127083
9 0.579861 0.101042 0.090278 0.097917
12 0.993750 0.429167 0.015278 0.116667
14 0.631944 0.304167 0.169444 0.295833
16 0.916667 0.696875 0.108333 0.185417
17 0.897222 0.101042 0.091667 0.127083
18 0.773611 0.293750 0.119444 0.125000
20 0.696528 0.111458 0.137500 0.114583
21 0.909028 0.539583 0.129167 0.154167
22 0.645833 0.359375 0.138889 0.314583
23 0.987500 0.529167 0.030556 0.100000
