1 0.538889 0.120833 0.091667 0.150000
3 0.995833 0.068750 0.016667 0.116667
4 0.925694 0.133333 0.137500 0.112500
5 0.720833 0.647917 0.066667 0.083333
6 0.991667 0.188542 0.016667 0.043750
7 0.806944 0.092708 0.088889 0.127083
8 0.809028 0.358333 0.093056 0.141667
9 0.579861 0.077083 0.095833 0.095833
12 0.995139 0.390625 0.012500 0.052083
14 0.639583 0.279167 0.162500 0.291667
16 0.923611 0.687500 0.116667 0.187500
17 0.900000 0.075000 0.094444 0.133333
18 0.780556 0.267708 0.116667 0.127083
20 0.698611 0.086458 0.136111 0.106250
21 0.920833 0.525000 0.136111 0.158333
22 0.647222 0.339583 0.136111 0.320833
23 0.990972 0.512500 0.018056 0.100000
