1 0.512500 0.100000 0.091667 0.145833
2 0.617361 0.358333 0.229167 0.229167
3 0.977778 0.048958 0.061111 0.093750
4 0.893750 0.087500 0.148611 0.112500
5 0.689583 0.612500 0.054167 0.058333
6 0.972222 0.127083 0.058333 0.062500
7 0.768056 0.058333 0.086111 0.108333
8 0.777083 0.314583 0.081944 0.133333
9 0.552083 0.051042 0.093056 0.093750
12 0.978472 0.355208 0.048611 0.164583
14 0.604167 0.233333 0.163889 0.262500
15 0.315278 0.513542 0.130556 0.306250
16 0.890278 0.621875 0.111111 0.197917
17 0.861111 0.051042 0.091667 0.093750
18 0.745139 0.229167 0.109722 0.125000
19 0.982639 0.202083 0.051389 0.133333
20 0.669444 0.055208 0.133333 0.106250
21 0.878472 0.464583 0.143056 0.162500
22 0.615972 0.240625 0.126389 0.181250
23 0.961806 0.446875 0.048611 0.089583
