0 0.236111 0.813542 0.080556 0.093750
1 0.465972 0.193750 0.095833 0.129167
3 0.927778 0.050000 0.083333 0.087500
4 0.836806 0.125000 0.148611 0.116667
6 0.952083 0.118750 0.104167 0.129167
7 0.716667 0.110417 0.083333 0.116667
8 0.740278 0.376042 0.075000 0.152083
9 0.506250 0.142708 0.093056 0.097917
10 0.986806 0.552083 0.031944 0.162500
12 0.950000 0.489583 0.066667 0.158333
14 0.570833 0.344792 0.150000 0.293750
16 0.846528 0.692708 0.156944 0.168750
17 0.811806 0.070833 0.098611 0.133333
18 0.707639 0.295833 0.115278 0.129167
19 0.956944 0.226042 0.094444 0.143750
20 0.614583 0.120833 0.140278 0.125000
21 0.870833 0.486458 0.147222 0.202083
22 0.587500 0.403125 0.144444 0.314583
