1 0.498611 0.202083 0.097222 0.133333
3 0.959028 0.060417 0.073611 0.112500
4 0.875694 0.144792 0.143056 0.110417
6 0.970833 0.161458 0.061111 0.077083
7 0.755556 0.127083 0.091667 0.112500
8 0.782639 0.389583 0.081944 0.154167
9 0.541667 0.155208 0.091667 0.097917
14 0.608333 0.355208 0.158333 0.302083
16 0.909028 0.663542 0.156944 0.206250
17 0.847917 0.093750 0.098611 0.137500
18 0.745833 0.312500 0.108333 0.129167
19 0.979167 0.245833 0.047222 0.141667
20 0.650694 0.133333 0.143056 0.125000
21 0.940972 0.466667 0.123611 0.220833
22 0.623611 0.412500 0.138889 0.320833
