1 0.501389 0.201042 0.094444 0.152083
3 0.962500 0.067708 0.075000 0.127083
4 0.884722 0.143750 0.144444 0.108333
6 0.969444 0.169792 0.063889 0.072917
7 0.760417 0.129167 0.093056 0.120833
8 0.779167 0.389583 0.077778 0.150000
9 0.544444 0.147917 0.091667 0.100000
12 0.983333 0.391667 0.047222 0.137500
14 0.609028 0.345833 0.159722 0.287500
16 0.912500 0.677083 0.105556 0.162500
17 0.852083 0.092708 0.093056 0.139583
18 0.747222 0.311458 0.111111 0.122917
19 0.981944 0.245833 0.052778 0.145833
20 0.659028 0.133333 0.129167 0.112500
21 0.922222 0.508333 0.119444 0.170833
22 0.622222 0.408333 0.136111 0.312500
