1 0.364583 0.012500 0.073611 0.016667
2 0.982639 0.256250 0.040278 0.141667
3 0.910417 0.068750 0.148611 0.125000
5 0.973611 0.060417 0.050000 0.112500
6 0.779861 0.055208 0.137500 0.102083
7 0.678472 0.019792 0.123611 0.031250
8 0.752778 0.331250 0.180556 0.170833
12 0.056944 0.369792 0.077778 0.106250
13 0.604861 0.315625 0.034722 0.189583
14 0.511111 0.309375 0.197222 0.389583
16 0.663889 0.122917 0.122222 0.179167
18 0.118750 0.138542 0.079167 0.122917
21 0.777083 0.164583 0.129167 0.166667
22 0.536111 0.250000 0.241667 0.416667
