1 0.327083 0.035417 0.115278 0.058333
2 0.963194 0.314583 0.084722 0.150000
3 0.870139 0.122917 0.159722 0.220833
4 0.809028 0.030208 0.195833 0.056250
5 0.951389 0.091667 0.100000 0.158333
6 0.744444 0.116667 0.158333 0.137500
7 0.634722 0.054167 0.119444 0.100000
8 0.635417 0.387500 0.059722 0.125000
13 0.650694 0.497917 0.251389 0.141667
14 0.461111 0.367708 0.191667 0.385417
15 0.564583 0.017708 0.062500 0.027083
16 0.618056 0.185417 0.127778 0.175000
17 0.791667 0.022917 0.047222 0.037500
18 0.075000 0.176042 0.077778 0.131250
21 0.726389 0.228125 0.116667 0.160417
22 0.486806 0.317708 0.231944 0.439583
23 0.484028 0.035417 0.093056 0.066667
