1 0.547222 0.121875 0.077778 0.147917
2 0.272917 0.276042 0.126389 0.189583
3 0.993750 0.069792 0.020833 0.127083
4 0.925000 0.137500 0.141667 0.112500
6 0.991667 0.201042 0.022222 0.052083
7 0.808333 0.095833 0.083333 0.125000
8 0.806250 0.356250 0.090278 0.120833
9 0.587500 0.076042 0.088889 0.093750
12 0.997222 0.412500 0.019444 0.104167
14 0.638194 0.275000 0.162500 0.291667
16 0.920139 0.669792 0.104167 0.197917
17 0.901389 0.083333 0.094444 0.129167
18 0.778472 0.267708 0.118056 0.135417
19 0.997917 0.267708 0.015278 0.068750
20 0.700694 0.088542 0.140278 0.114583
21 0.911806 0.510417 0.120833 0.154167
22 0.647917 0.333333 0.140278 0.316667
23 0.986806 0.523958 0.026389 0.110417
