1 0.306944 0.300000 0.113889 0.162500
2 0.264583 0.700000 0.143056 0.270833
3 0.775000 0.476042 0.088889 0.147917
7 0.570139 0.410417 0.106944 0.120833
8 0.595139 0.652083 0.115278 0.170833
9 0.360417 0.247917 0.098611 0.125000
10 0.805556 0.881250 0.047222 0.116667
11 0.945833 0.581250 0.113889 0.133333
12 0.639583 0.407292 0.137500 0.185417
13 0.961111 0.487500 0.080556 0.212500
14 0.420139 0.496875 0.173611 0.331250
15 0.552083 0.318750 0.134722 0.166667
16 0.543750 0.510417 0.112500 0.154167
17 0.711111 0.322917 0.097222 0.170833
18 0.454167 0.737500 0.138889 0.166667
19 0.426389 0.183333 0.083333 0.145833
20 0.493056 0.285417 0.144444 0.125000
22 0.420139 0.555208 0.145833 0.331250
23 0.445833 0.348958 0.069444 0.093750
