1 0.184722 0.161458 0.113889 0.177083
3 0.775000 0.175000 0.102778 0.187500
4 0.652778 0.236458 0.175000 0.139583
6 0.792361 0.322917 0.145833 0.133333
7 0.504167 0.172917 0.094444 0.137500
8 0.488194 0.511458 0.126389 0.185417
9 0.243056 0.106250 0.094444 0.120833
10 0.775000 0.840625 0.097222 0.139583
11 0.910417 0.458333 0.106944 0.137500
12 0.669444 0.748958 0.105556 0.127083
13 0.902778 0.356250 0.097222 0.208333
14 0.297222 0.360417 0.202778 0.362500
15 0.453472 0.162500 0.143056 0.170833
16 0.722917 0.634375 0.218056 0.272917
17 0.631250 0.177083 0.112500 0.170833
18 0.452083 0.375000 0.162500 0.166667
19 0.822222 0.444792 0.152778 0.227083
20 0.381250 0.121875 0.168056 0.081250
21 0.784028 0.462500 0.198611 0.233333
22 0.293056 0.438542 0.163889 0.381250
23 0.601389 0.877083 0.136111 0.166667
