1 0.252083 0.195833 0.123611 0.166667
2 0.854167 0.682292 0.155556 0.152083
3 0.745139 0.454167 0.137500 0.187500
4 0.706944 0.332292 0.186111 0.122917
6 0.629861 0.422917 0.134722 0.112500
7 0.531944 0.343750 0.111111 0.133333
8 0.554861 0.608333 0.143056 0.179167
9 0.312500 0.153125 0.102778 0.131250
10 0.811806 0.867708 0.137500 0.202083
11 0.929861 0.562500 0.123611 0.091667
13 0.940278 0.491667 0.088889 0.225000
14 0.370139 0.407292 0.198611 0.352083
15 0.521528 0.243750 0.143056 0.154167
16 0.502083 0.451042 0.115278 0.181250
17 0.690278 0.286458 0.100000 0.189583
18 0.415278 0.681250 0.119444 0.170833
19 0.391667 0.093750 0.094444 0.145833
20 0.458333 0.226042 0.152778 0.135417
21 0.691667 0.493750 0.105556 0.150000
22 0.364583 0.487500 0.154167 0.375000
23 0.400694 0.262500 0.070833 0.095833
