1 0.297222 0.150000 0.122222 0.145833
3 0.728472 0.297917 0.040278 0.020833
4 0.723611 0.260417 0.180556 0.125000
6 0.638194 0.332292 0.137500 0.106250
7 0.552083 0.276042 0.106944 0.114583
8 0.532639 0.514583 0.054167 0.070833
9 0.350694 0.118750 0.087500 0.120833
10 0.847222 0.742708 0.088889 0.139583
11 0.939583 0.506250 0.126389 0.158333
12 0.597917 0.804167 0.134722 0.162500
13 0.958333 0.409375 0.080556 0.210417
14 0.392361 0.350000 0.176389 0.333333
15 0.545139 0.189583 0.143056 0.154167
16 0.516667 0.372917 0.113889 0.162500
17 0.706944 0.218750 0.094444 0.175000
18 0.373611 0.563542 0.113889 0.114583
19 0.693056 0.468750 0.275000 0.316667
20 0.472222 0.143750 0.172222 0.079167
21 0.645833 0.353125 0.052778 0.047917
22 0.384028 0.405208 0.154167 0.331250
23 0.427083 0.217708 0.070833 0.093750
