1 0.319444 0.320833 0.108333 0.154167
2 0.912500 0.547917 0.175000 0.129167
3 0.772917 0.394792 0.134722 0.139583
4 0.722222 0.318750 0.166667 0.100000
5 0.844444 0.364583 0.100000 0.150000
6 0.676389 0.413542 0.116667 0.118750
7 0.579861 0.385417 0.098611 0.120833
8 0.648611 0.637500 0.136111 0.145833
9 0.360417 0.258333 0.095833 0.087500
10 0.886111 0.727083 0.111111 0.187500
11 0.946528 0.445833 0.109722 0.062500
14 0.503472 0.151042 0.162500 0.097917
15 0.543056 0.300000 0.116667 0.162500
16 0.578472 0.487500 0.101389 0.137500
17 0.396528 0.389583 0.090278 0.200000
19 0.418056 0.204167 0.072222 0.120833
20 0.489583 0.266667 0.115278 0.079167
21 0.477778 0.437500 0.100000 0.116667
22 0.496528 0.640625 0.248611 0.356250
23 0.442361 0.351042 0.068056 0.085417
