1 0.302778 0.236458 0.116667 0.181250
2 0.922917 0.553125 0.156944 0.156250
3 0.797222 0.353125 0.150000 0.197917
4 0.755556 0.243750 0.200000 0.125000
5 0.893056 0.317708 0.119444 0.181250
6 0.679167 0.365625 0.161111 0.143750
7 0.577083 0.318750 0.118056 0.116667
8 0.631250 0.634375 0.159722 0.147917
9 0.356944 0.169792 0.094444 0.110417
10 0.910417 0.782292 0.134722 0.239583
11 0.975694 0.421875 0.059722 0.081250
14 0.385417 0.502083 0.248611 0.291667
15 0.554861 0.206250 0.137500 0.183333
16 0.547222 0.451042 0.113889 0.160417
17 0.386111 0.286458 0.100000 0.197917
19 0.419444 0.096875 0.077778 0.143750
20 0.490972 0.189583 0.145833 0.141667
21 0.656250 0.494792 0.112500 0.152083
22 0.440278 0.568750 0.200000 0.383333
23 0.434722 0.275000 0.083333 0.104167
