1 0.579167 0.103125 0.102778 0.156250
2 0.675694 0.396875 0.240278 0.239583
4 0.956250 0.113542 0.087500 0.102083
7 0.882639 0.162500 0.115278 0.154167
8 0.844444 0.363542 0.097222 0.156250
9 0.620833 0.055208 0.088889 0.102083
14 0.668750 0.266667 0.173611 0.291667
15 0.449306 0.407292 0.065278 0.177083
16 0.967361 0.258333 0.068056 0.179167
17 0.946528 0.063542 0.095833 0.122917
18 0.801389 0.264583 0.125000 0.129167
20 0.738194 0.066667 0.134722 0.116667
21 0.915972 0.244792 0.079167 0.139583
22 0.673611 0.328125 0.144444 0.306250
23 0.982639 0.566667 0.045833 0.137500
