0 0.353472 0.044792 0.151389 0.085417
1 0.277778 0.419792 0.180556 0.385417
2 0.764583 0.150000 0.056944 0.191667
4 0.768750 0.486458 0.056944 0.106250
5 0.560417 0.660417 0.140278 0.287500
6 0.839583 0.765625 0.070833 0.185417
7 0.563889 0.097917 0.202778 0.179167
8 0.613889 0.613542 0.075000 0.214583
9 0.867361 0.392708 0.109722 0.218750
11 0.561806 0.817708 0.165278 0.231250
15 0.809722 0.108333 0.086111 0.175000
16 0.552778 0.355208 0.086111 0.197917
17 0.820139 0.360417 0.084722 0.258333
19 0.771528 0.368750 0.073611 0.220833
20 0.467361 0.851042 0.109722 0.297917
21 0.516667 0.403125 0.105556 0.152083
22 0.485417 0.385417 0.181944 0.454167
