0 0.266667 0.100000 0.100000 0.133333
1 0.433333 0.151042 0.155556 0.193750
2 0.683333 0.048958 0.122222 0.089583
4 0.727083 0.373958 0.134722 0.252083
6 0.844444 0.554167 0.147222 0.183333
7 0.088194 0.641667 0.098611 0.154167
8 0.623611 0.475000 0.122222 0.225000
9 0.840278 0.197917 0.111111 0.191667
10 0.606944 0.300000 0.100000 0.183333
11 0.567361 0.642708 0.181944 0.189583
12 0.611111 0.083333 0.108333 0.150000
13 0.513194 0.030208 0.212500 0.056250
14 0.239583 0.422917 0.193056 0.275000
15 0.769444 0.031250 0.083333 0.058333
16 0.372222 0.075000 0.105556 0.137500
17 0.797222 0.178125 0.108333 0.247917
19 0.699306 0.203125 0.126389 0.235417
20 0.188889 0.169792 0.094444 0.218750
21 0.488889 0.257292 0.116667 0.172917
22 0.487500 0.242708 0.225000 0.393750
23 0.360417 0.327083 0.106944 0.125000
