0 0.183333 0.642708 0.147222 0.202083
1 0.769444 0.150000 0.113889 0.220833
2 0.744444 0.047917 0.119444 0.091667
4 0.531944 0.158333 0.136111 0.300000
5 0.838194 0.529167 0.129167 0.154167
6 0.884722 0.665625 0.027778 0.072917
7 0.498611 0.516667 0.111111 0.166667
8 0.354167 0.757292 0.191667 0.347917
9 0.888889 0.312500 0.097222 0.225000
11 0.554167 0.648958 0.177778 0.252083
12 0.686806 0.107292 0.106944 0.164583
13 0.587500 0.027083 0.208333 0.050000
14 0.363194 0.545833 0.195833 0.320833
15 0.838194 0.067708 0.095833 0.131250
16 0.155556 0.114583 0.111111 0.204167
17 0.855556 0.266667 0.066667 0.270833
18 0.597917 0.095833 0.093056 0.091667
19 0.979167 0.439583 0.072222 0.275000
20 0.520139 0.869792 0.140278 0.289583
21 0.223611 0.173958 0.186111 0.272917
22 0.509722 0.290625 0.169444 0.372917
23 0.718056 0.223958 0.069444 0.114583
