0 0.231944 0.135417 0.105556 0.125000
1 0.417361 0.183333 0.145833 0.216667
2 0.677083 0.051042 0.131944 0.085417
4 0.726389 0.413542 0.136111 0.272917
6 0.861806 0.597917 0.148611 0.154167
7 0.080556 0.733333 0.100000 0.137500
8 0.625694 0.510417 0.131944 0.208333
9 0.839583 0.198958 0.120833 0.243750
10 0.600694 0.321875 0.123611 0.193750
11 0.570139 0.703125 0.179167 0.206250
12 0.595833 0.080208 0.136111 0.147917
13 0.489583 0.053125 0.198611 0.089583
14 0.250694 0.501042 0.131944 0.218750
15 0.754167 0.026042 0.097222 0.039583
16 0.340278 0.097917 0.116667 0.158333
17 0.795833 0.175000 0.127778 0.220833
18 0.459722 0.096875 0.122222 0.118750
19 0.693750 0.228125 0.137500 0.218750
20 0.193750 0.572917 0.165278 0.466667
21 0.472222 0.292708 0.133333 0.172917
22 0.500000 0.319792 0.222222 0.456250
23 0.351389 0.365625 0.108333 0.102083
