1 0.749306 0.203125 0.109722 0.210417
2 0.513889 0.346875 0.144444 0.181250
4 0.370833 0.617708 0.166667 0.235417
5 0.690972 0.465625 0.159722 0.210417
6 0.807639 0.571875 0.170833 0.177083
7 0.422917 0.187500 0.131944 0.175000
9 0.731250 0.057292 0.076389 0.106250
12 0.648611 0.058333 0.116667 0.112500
14 0.850694 0.086458 0.131944 0.156250
15 0.514583 0.114583 0.120833 0.225000
16 0.290278 0.412500 0.208333 0.362500
18 0.350000 0.125000 0.166667 0.220833
19 0.613194 0.160417 0.176389 0.191667
20 0.470139 0.727083 0.112500 0.341667
21 0.579167 0.668750 0.097222 0.108333
22 0.156944 0.058333 0.188889 0.112500
23 0.881944 0.218750 0.091667 0.154167
