1 0.202083 0.135417 0.184722 0.258333
4 0.713194 0.378125 0.165278 0.368750
5 0.470139 0.620833 0.223611 0.237500
6 0.841667 0.617708 0.169444 0.193750
7 0.129861 0.066667 0.137500 0.125000
8 0.587500 0.537500 0.150000 0.275000
9 0.865278 0.148958 0.116667 0.264583
10 0.531250 0.209375 0.134722 0.077083
11 0.538889 0.743750 0.161111 0.175000
12 0.591667 0.020833 0.097222 0.037500
14 0.059028 0.428125 0.115278 0.206250
16 0.122917 0.538542 0.170833 0.272917
17 0.811111 0.125000 0.130556 0.245833
18 0.448611 0.064583 0.202778 0.120833
19 0.558333 0.305208 0.244444 0.218750
21 0.236806 0.333333 0.184722 0.195833
22 0.357639 0.301042 0.179167 0.564583
23 0.151389 0.389583 0.077778 0.125000
