0 0.123611 0.026042 0.141667 0.039583
1 0.054167 0.183333 0.105556 0.158333
4 0.591667 0.281250 0.175000 0.291667
5 0.392361 0.476042 0.187500 0.227083
6 0.764583 0.494792 0.165278 0.189583
7 0.094444 0.079167 0.111111 0.125000
8 0.486806 0.417708 0.145833 0.252083
9 0.751389 0.085417 0.138889 0.158333
10 0.443750 0.216667 0.145833 0.225000
11 0.500694 0.608333 0.068056 0.066667
14 0.031944 0.419792 0.055556 0.222917
16 0.196528 0.711458 0.131944 0.227083
17 0.699306 0.080208 0.095833 0.156250
18 0.303472 0.035417 0.173611 0.062500
19 0.568750 0.106250 0.148611 0.208333
20 0.334722 0.748958 0.080556 0.197917
21 0.204861 0.243750 0.162500 0.233333
22 0.262500 0.275000 0.202778 0.437500
