0 0.038194 0.755208 0.070833 0.260417
1 0.563889 0.230208 0.175000 0.235417
4 0.277778 0.877083 0.136111 0.258333
5 0.636111 0.376042 0.147222 0.202083
6 0.678472 0.531250 0.129167 0.170833
7 0.576389 0.511458 0.077778 0.114583
8 0.179861 0.919792 0.101389 0.197917
9 0.663194 0.128125 0.126389 0.222917
10 0.363194 0.236458 0.154167 0.206250
11 0.276389 0.702083 0.088889 0.283333
12 0.427778 0.023958 0.094444 0.039583
16 0.237500 0.219792 0.138889 0.160417
17 0.606944 0.107292 0.152778 0.210417
18 0.297917 0.059375 0.170833 0.114583
19 0.790278 0.220833 0.091667 0.245833
20 0.361111 0.854167 0.144444 0.283333
21 0.372222 0.487500 0.150000 0.191667
22 0.234028 0.240625 0.201389 0.402083
23 0.759028 0.410417 0.106944 0.191667
