0 0.036806 0.689583 0.065278 0.187500
1 0.540972 0.038542 0.084722 0.068750
4 0.527778 0.280208 0.130556 0.264583
5 0.351389 0.491667 0.186111 0.166667
7 0.260417 0.671875 0.118056 0.177083
8 0.437500 0.421875 0.138889 0.202083
9 0.681250 0.090625 0.134722 0.168750
11 0.383333 0.612500 0.222222 0.175000
14 0.191667 0.632292 0.094444 0.297917
16 0.406250 0.080208 0.131944 0.135417
17 0.636806 0.083333 0.115278 0.162500
18 0.306250 0.062500 0.143056 0.120833
19 0.348611 0.255208 0.133333 0.160417
20 0.368750 0.808333 0.145833 0.245833
21 0.702778 0.234375 0.147222 0.202083
22 0.250694 0.240625 0.165278 0.322917
23 0.493750 0.063542 0.104167 0.114583
