0 0.170139 0.721875 0.043056 0.202083
1 0.673611 0.302083 0.194444 0.229167
2 0.551389 0.110417 0.225000 0.212500
4 0.381250 0.915625 0.148611 0.181250
5 0.761806 0.447917 0.159722 0.200000
6 0.793056 0.623958 0.113889 0.210417
7 0.696528 0.609375 0.118056 0.143750
8 0.309028 0.935417 0.048611 0.120833
9 0.738889 0.045833 0.080556 0.087500
10 0.118056 0.167708 0.152778 0.193750
11 0.169444 0.404167 0.177778 0.308333
12 0.345139 0.454167 0.204167 0.354167
14 0.278472 0.196875 0.223611 0.281250
16 0.600000 0.434375 0.136111 0.197917
18 0.375000 0.054167 0.183333 0.079167
19 0.748611 0.216667 0.166667 0.229167
20 0.479167 0.891667 0.108333 0.204167
22 0.408333 0.210417 0.202778 0.279167
23 0.970833 0.670833 0.102778 0.179167
