0 0.163889 0.079167 0.136111 0.154167
1 0.610417 0.168750 0.187500 0.329167
4 0.738889 0.114583 0.305556 0.216667
6 0.736806 0.717708 0.131944 0.152083
7 0.450000 0.330208 0.080556 0.164583
8 0.540278 0.607292 0.133333 0.239583
9 0.783333 0.365625 0.063889 0.172917
10 0.539583 0.418750 0.120833 0.175000
11 0.478472 0.792708 0.187500 0.222917
13 0.440972 0.053125 0.231944 0.102083
14 0.133333 0.521875 0.177778 0.343750
16 0.483333 0.258333 0.130556 0.241667
17 0.750000 0.364583 0.041667 0.091667
18 0.394444 0.126042 0.155556 0.177083
19 0.645833 0.377083 0.111111 0.133333
20 0.101389 0.210417 0.188889 0.300000
21 0.420833 0.366667 0.088889 0.187500
22 0.390278 0.344792 0.186111 0.481250
