0 0.065278 0.711458 0.102778 0.256250
1 0.427778 0.033333 0.172222 0.062500
4 0.311806 0.868750 0.140278 0.225000
6 0.740972 0.510417 0.043056 0.087500
7 0.325000 0.105208 0.161111 0.193750
10 0.431250 0.219792 0.131944 0.210417
11 0.324306 0.589583 0.048611 0.133333
14 0.187500 0.589583 0.222222 0.300000
17 0.659028 0.059375 0.131944 0.110417
19 0.829861 0.244792 0.084722 0.227083
20 0.422917 0.841667 0.145833 0.275000
21 0.307639 0.183333 0.148611 0.120833
22 0.305556 0.248958 0.183333 0.318750
