0 0.071528 0.757292 0.054167 0.222917
1 0.674306 0.114583 0.137500 0.212500
2 0.659028 0.012500 0.059722 0.020833
4 0.412500 0.163542 0.130556 0.218750
5 0.767361 0.504167 0.140278 0.187500
6 0.793056 0.663542 0.094444 0.135417
7 0.397917 0.766667 0.134722 0.145833
8 0.420139 0.391667 0.140278 0.254167
9 0.820833 0.269792 0.133333 0.197917
10 0.554861 0.306250 0.054167 0.150000
11 0.506944 0.731250 0.169444 0.229167
12 0.579167 0.066667 0.116667 0.129167
14 0.278472 0.632292 0.187500 0.472917
16 0.290278 0.440625 0.086111 0.072917
17 0.773611 0.222917 0.088889 0.233333
18 0.481944 0.117708 0.144444 0.164583
19 0.918750 0.364583 0.087500 0.250000
20 0.470833 0.881250 0.144444 0.229167
21 0.217361 0.322917 0.212500 0.270833
22 0.403472 0.293750 0.187500 0.375000
23 0.619444 0.216667 0.097222 0.137500
