0 0.221528 0.066667 0.148611 0.116667
1 0.406250 0.181250 0.134722 0.245833
2 0.697917 0.071875 0.154167 0.139583
4 0.725694 0.475000 0.145833 0.275000
6 0.843056 0.701042 0.138889 0.193750
7 0.029861 0.718750 0.056944 0.154167
9 0.863889 0.291667 0.102778 0.216667
10 0.631944 0.391667 0.055556 0.150000
11 0.531944 0.768750 0.180556 0.216667
12 0.622222 0.111458 0.125000 0.185417
13 0.506944 0.040625 0.213889 0.077083
14 0.159028 0.512500 0.259722 0.304167
15 0.788194 0.064583 0.109722 0.125000
16 0.352083 0.082292 0.112500 0.152083
17 0.823611 0.269792 0.091667 0.268750
19 0.722917 0.273958 0.140278 0.264583
20 0.504167 0.143750 0.200000 0.283333
21 0.451389 0.382292 0.075000 0.085417
22 0.497222 0.329167 0.244444 0.466667
23 0.320139 0.389583 0.104167 0.137500
