0 0.102778 0.600000 0.083333 0.179167
1 0.463194 0.073958 0.123611 0.139583
4 0.503472 0.307292 0.137500 0.189583
5 0.380556 0.286458 0.083333 0.135417
6 0.644444 0.433333 0.147222 0.133333
7 0.293750 0.600000 0.076389 0.145833
8 0.427778 0.385417 0.102778 0.170833
9 0.605556 0.122917 0.116667 0.170833
10 0.408333 0.245833 0.083333 0.108333
11 0.420139 0.533333 0.087500 0.095833
12 0.401389 0.073958 0.077778 0.106250
13 0.311806 0.063542 0.181944 0.064583
14 0.213194 0.513542 0.143056 0.343750
16 0.318750 0.172917 0.115278 0.120833
17 0.567361 0.113542 0.104167 0.168750
19 0.736806 0.183333 0.084722 0.195833
20 0.393750 0.713542 0.104167 0.181250
21 0.324306 0.064583 0.134722 0.120833
22 0.311806 0.273958 0.143056 0.260417
