0 0.365972 0.051042 0.168056 0.097917
1 0.199306 0.057292 0.137500 0.089583
2 0.842361 0.073958 0.145833 0.139583
4 0.857639 0.525000 0.145833 0.312500
5 0.632639 0.715625 0.129167 0.239583
6 0.954167 0.771875 0.119444 0.239583
7 0.335417 0.120833 0.126389 0.162500
9 0.984722 0.273958 0.063889 0.197917
10 0.747222 0.396875 0.077778 0.210417
11 0.634028 0.828125 0.148611 0.206250
12 0.749306 0.111458 0.151389 0.206250
13 0.627083 0.026042 0.251389 0.043750
14 0.256250 0.563542 0.231944 0.418750
15 0.925000 0.054167 0.091667 0.095833
16 0.386806 0.836458 0.112500 0.152083
17 0.952778 0.278125 0.097222 0.310417
18 0.521528 0.252083 0.343056 0.454167
19 0.857639 0.328125 0.159722 0.268750
20 0.619444 0.943750 0.150000 0.141667
21 0.433333 0.458333 0.136111 0.191667
22 0.475694 0.421875 0.176389 0.464583
23 0.348611 0.465625 0.094444 0.193750
