1 0.464583 0.080208 0.259722 0.156250
4 0.740278 0.342708 0.055556 0.214583
5 0.471528 0.540625 0.195833 0.235417
6 0.822917 0.589583 0.118056 0.204167
7 0.355556 0.709375 0.130556 0.210417
8 0.577083 0.459375 0.143056 0.243750
9 0.830556 0.143750 0.136111 0.245833
11 0.495833 0.669792 0.191667 0.202083
14 0.072917 0.408333 0.123611 0.375000
16 0.270833 0.201042 0.222222 0.235417
17 0.777778 0.119792 0.122222 0.235417
20 0.465972 0.872917 0.162500 0.279167
22 0.344444 0.259375 0.172222 0.489583
23 0.573611 0.158333 0.113889 0.129167
