0 0.852778 0.032292 0.111111 0.060417
2 0.457639 0.369792 0.226389 0.185417
4 0.340278 0.655208 0.169444 0.277083
5 0.675694 0.481250 0.159722 0.250000
6 0.781250 0.629167 0.131944 0.166667
7 0.280556 0.425000 0.183333 0.279167
9 0.720833 0.072917 0.116667 0.137500
12 0.643056 0.089583 0.113889 0.162500
14 0.837500 0.116667 0.111111 0.187500
15 0.511111 0.164583 0.102778 0.287500
16 0.863889 0.756250 0.102778 0.179167
18 0.351389 0.161458 0.172222 0.231250
19 0.605556 0.190625 0.161111 0.181250
20 0.466667 0.755208 0.116667 0.339583
22 0.159722 0.070833 0.211111 0.137500
23 0.879861 0.257292 0.076389 0.127083
