0 0.886111 0.064583 0.097222 0.104167
1 0.718750 0.294792 0.140278 0.202083
2 0.646528 0.097917 0.154167 0.179167
4 0.372222 0.819792 0.152778 0.243750
5 0.780556 0.451042 0.097222 0.181250
6 0.820139 0.604167 0.104167 0.179167
9 0.763889 0.076042 0.094444 0.143750
10 0.256944 0.139583 0.100000 0.204167
11 0.270139 0.323958 0.154167 0.306250
12 0.716667 0.078125 0.086111 0.135417
14 0.871528 0.171875 0.109722 0.210417
15 0.676389 0.035417 0.075000 0.062500
16 0.590278 0.405208 0.083333 0.127083
18 0.455556 0.061458 0.155556 0.118750
19 0.773611 0.254167 0.125000 0.183333
20 0.490278 0.839583 0.111111 0.270833
21 0.569444 0.563542 0.111111 0.106250
22 0.406944 0.448958 0.297222 0.335417
23 0.947222 0.695833 0.077778 0.154167
