0 0.129861 0.582292 0.148611 0.222917
1 0.609028 0.175000 0.098611 0.129167
4 0.311111 0.827083 0.150000 0.291667
7 0.645833 0.508333 0.105556 0.183333
8 0.163889 0.790625 0.177778 0.235417
10 0.143056 0.030208 0.091667 0.056250
11 0.142361 0.205208 0.184722 0.302083
14 0.202083 0.416667 0.237500 0.416667
16 0.569444 0.304167 0.150000 0.245833
18 0.377778 0.019792 0.072222 0.035417
19 0.731250 0.133333 0.131944 0.187500
20 0.411806 0.759375 0.140278 0.152083
21 0.508333 0.540625 0.186111 0.197917
22 0.336806 0.506250 0.281944 0.504167
