0 0.894444 0.028125 0.094444 0.047917
1 0.786111 0.185417 0.111111 0.212500
2 0.520139 0.289583 0.226389 0.179167
4 0.415278 0.504167 0.119444 0.179167
5 0.709722 0.417708 0.147222 0.177083
6 0.829861 0.547917 0.145833 0.166667
7 0.498611 0.172917 0.102778 0.129167
9 0.767361 0.060417 0.095833 0.116667
10 0.306250 0.125000 0.095833 0.179167
12 0.696528 0.081250 0.115278 0.154167
14 0.881944 0.118750 0.091667 0.162500
15 0.584028 0.130208 0.101389 0.193750
16 0.290972 0.495833 0.206944 0.304167
18 0.449306 0.117708 0.137500 0.172917
19 0.663194 0.160417 0.159722 0.200000
20 0.484722 0.694792 0.061111 0.185417
21 0.619444 0.535417 0.108333 0.204167
22 0.290972 0.037500 0.162500 0.066667
23 0.902778 0.231250 0.091667 0.129167
