0 0.744444 0.098958 0.119444 0.106250
1 0.627778 0.337500 0.125000 0.258333
2 0.334722 0.552083 0.269444 0.145833
4 0.236806 0.841667 0.156944 0.133333
5 0.565972 0.647917 0.159722 0.208333
6 0.704861 0.733333 0.165278 0.158333
9 0.584722 0.171875 0.125000 0.202083
11 0.668056 0.050000 0.097222 0.095833
12 0.511806 0.246875 0.109722 0.189583
13 0.286111 0.159375 0.236111 0.114583
14 0.742361 0.227083 0.126389 0.158333
15 0.390278 0.314583 0.105556 0.287500
16 0.196528 0.666667 0.195833 0.245833
18 0.222222 0.343750 0.152778 0.200000
19 0.491667 0.360417 0.200000 0.187500
20 0.347917 0.934375 0.073611 0.185417
21 0.466667 0.806250 0.130556 0.212500
22 0.105556 0.169792 0.202778 0.318750
23 0.781944 0.361458 0.102778 0.139583
