1 0.410417 0.098958 0.154167 0.189583
2 0.111806 0.359375 0.209722 0.172917
4 0.081250 0.655208 0.137500 0.214583
5 0.354167 0.389583 0.186111 0.287500
6 0.527778 0.506250 0.177778 0.170833
12 0.275694 0.021875 0.106944 0.039583
15 0.152778 0.109375 0.108333 0.210417
16 0.626389 0.641667 0.147222 0.212500
18 0.036806 0.164583 0.070833 0.195833
19 0.809722 0.277083 0.105556 0.250000
20 0.146528 0.750000 0.134722 0.341667
21 0.259722 0.623958 0.147222 0.218750
23 0.581944 0.082292 0.097222 0.160417
