0 0.940972 0.051042 0.093056 0.085417
1 0.838194 0.228125 0.098611 0.185417
2 0.566667 0.321875 0.233333 0.181250
4 0.463194 0.505208 0.215278 0.214583
5 0.768750 0.445833 0.148611 0.183333
6 0.872917 0.569792 0.143056 0.172917
7 0.551389 0.197917 0.108333 0.120833
8 0.390972 0.418750 0.148611 0.158333
9 0.813889 0.077083 0.105556 0.150000
10 0.371528 0.144792 0.109722 0.156250
12 0.745833 0.100000 0.097222 0.183333
13 0.563889 0.020833 0.197222 0.033333
14 0.928472 0.145833 0.098611 0.158333
15 0.630556 0.160417 0.105556 0.229167
16 0.261111 0.318750 0.191667 0.333333
18 0.496528 0.148958 0.148611 0.189583
19 0.707639 0.185417 0.162500 0.166667
20 0.571528 0.567708 0.098611 0.156250
21 0.672222 0.576042 0.094444 0.197917
22 0.355556 0.057292 0.186111 0.106250
23 0.956250 0.275000 0.056944 0.129167
