0 0.088194 0.776042 0.087500 0.239583
1 0.660417 0.268750 0.129167 0.266667
4 0.352083 0.887500 0.145833 0.233333
5 0.725000 0.452083 0.102778 0.166667
6 0.756944 0.608333 0.091667 0.108333
7 0.675000 0.579167 0.113889 0.162500
8 0.238194 0.904167 0.134722 0.187500
10 0.451389 0.269792 0.166667 0.214583
11 0.196528 0.328125 0.165278 0.372917
12 0.531250 0.030208 0.104167 0.052083
14 0.279861 0.767708 0.129167 0.147917
16 0.585417 0.410417 0.143056 0.220833
17 0.727778 0.051042 0.141667 0.097917
18 0.399306 0.081250 0.162500 0.158333
19 0.271528 0.184375 0.170833 0.252083
20 0.450694 0.902083 0.176389 0.250000
21 0.543056 0.630208 0.147222 0.218750
22 0.387500 0.615625 0.263889 0.435417
23 0.865278 0.437500 0.058333 0.141667
