0 0.110417 0.058333 0.131944 0.108333
1 0.336111 0.128125 0.200000 0.235417
2 0.665278 0.013542 0.058333 0.022917
4 0.725694 0.411458 0.062500 0.172917
6 0.822917 0.643750 0.109722 0.204167
7 0.342361 0.573958 0.154167 0.214583
8 0.559722 0.521875 0.133333 0.243750
9 0.815972 0.179167 0.123611 0.258333
10 0.530556 0.285417 0.119444 0.183333
11 0.497222 0.748958 0.211111 0.222917
12 0.565972 0.044792 0.140278 0.072917
14 0.104167 0.513542 0.205556 0.352083
16 0.246528 0.047917 0.093056 0.091667
17 0.778472 0.152083 0.109722 0.262500
19 0.691667 0.167708 0.108333 0.202083
20 0.090972 0.562500 0.179167 0.358333
21 0.555556 0.146875 0.166667 0.260417
22 0.397917 0.261458 0.309722 0.435417
23 0.227083 0.355208 0.123611 0.160417
