0 0.471528 0.043750 0.148611 0.079167
1 0.784028 0.179167 0.254167 0.341667
4 0.920139 0.557292 0.129167 0.289583
6 0.979167 0.793750 0.069444 0.154167
7 0.739583 0.229167 0.118056 0.287500
8 0.804167 0.637500 0.127778 0.283333
10 0.819444 0.440625 0.100000 0.218750
11 0.725000 0.836458 0.172222 0.231250
13 0.695833 0.037500 0.205556 0.070833
14 0.345139 0.507292 0.265278 0.339583
16 0.701389 0.354167 0.113889 0.191667
17 0.987500 0.228125 0.058333 0.106250
18 0.684722 0.117708 0.150000 0.197917
19 0.950694 0.351042 0.101389 0.293750
20 0.629167 0.875000 0.077778 0.258333
21 0.668056 0.414583 0.097222 0.179167
22 0.643750 0.401042 0.162500 0.418750
