0 0.293750 0.553125 0.123611 0.227083
1 0.717361 0.279167 0.176389 0.225000
2 0.667361 0.080208 0.162500 0.152083
4 0.414583 0.875000 0.154167 0.141667
5 0.802083 0.418750 0.140278 0.187500
6 0.831250 0.586458 0.137500 0.172917
7 0.727778 0.551042 0.102778 0.143750
8 0.270139 0.752083 0.079167 0.216667
9 0.790972 0.062500 0.076389 0.116667
10 0.258333 0.131250 0.125000 0.170833
11 0.290972 0.328125 0.137500 0.260417
12 0.729167 0.052083 0.088889 0.100000
14 0.390278 0.195833 0.183333 0.291667
16 0.652083 0.372917 0.120833 0.162500
18 0.468056 0.041667 0.169444 0.070833
19 0.796528 0.222917 0.134722 0.170833
20 0.538194 0.815625 0.054167 0.293750
21 0.595139 0.513542 0.148611 0.210417
22 0.497222 0.250000 0.177778 0.370833
23 0.993056 0.657292 0.086111 0.147917
