0 0.209722 0.036458 0.136111 0.068750
1 0.423611 0.126042 0.197222 0.235417
2 0.722222 0.037500 0.113889 0.070833
8 0.615972 0.571875 0.148611 0.227083
9 0.855556 0.262500 0.108333 0.254167
10 0.611111 0.338542 0.086111 0.206250
11 0.536806 0.745833 0.179167 0.191667
12 0.638194 0.044792 0.123611 0.085417
14 0.151389 0.450000 0.241667 0.362500
15 0.805556 0.029167 0.080556 0.050000
16 0.572917 0.192708 0.104167 0.293750
17 0.813194 0.215625 0.095833 0.272917
18 0.495833 0.040625 0.166667 0.068750
20 0.139583 0.222917 0.237500 0.275000
21 0.476389 0.283333 0.083333 0.208333
22 0.437500 0.327083 0.188889 0.416667
