0 0.284028 0.754167 0.154167 0.295833
1 0.956944 0.136458 0.088889 0.247917
5 0.967361 0.639583 0.068056 0.162500
6 0.967361 0.787500 0.070833 0.166667
7 0.588194 0.592708 0.159722 0.235417
10 0.787500 0.360417 0.138889 0.279167
11 0.598611 0.765625 0.075000 0.339583
12 0.860417 0.079167 0.115278 0.150000
14 0.459722 0.655208 0.202778 0.531250
18 0.745139 0.102083 0.173611 0.200000
21 0.209722 0.268750 0.313889 0.420833
22 0.633333 0.291667 0.205556 0.495833
23 0.889583 0.230208 0.118056 0.189583
