0 0.440278 0.067708 0.125000 0.127083
1 0.632639 0.168750 0.156944 0.212500
2 0.854861 0.082292 0.145833 0.160417
4 0.882639 0.476042 0.131944 0.210417
6 0.963889 0.691667 0.097222 0.158333
7 0.186806 0.618750 0.112500 0.162500
8 0.779167 0.556250 0.136111 0.208333
9 0.982639 0.272917 0.051389 0.137500
10 0.777778 0.366667 0.097222 0.179167
12 0.805556 0.128125 0.133333 0.172917
13 0.704167 0.055208 0.191667 0.106250
14 0.384722 0.446875 0.177778 0.243750
15 0.934722 0.068750 0.108333 0.133333
16 0.560417 0.081250 0.098611 0.145833
17 0.970833 0.279167 0.077778 0.233333
18 0.679167 0.097917 0.122222 0.116667
19 0.890278 0.296875 0.113889 0.222917
20 0.329167 0.157292 0.136111 0.281250
21 0.672917 0.293750 0.115278 0.191667
22 0.689583 0.303125 0.245833 0.452083
23 0.545139 0.364583 0.081944 0.166667
