1 0.893056 0.265625 0.102778 0.206250
2 0.634028 0.320833 0.223611 0.195833
4 0.514583 0.567708 0.231944 0.139583
5 0.815278 0.489583 0.138889 0.175000
6 0.904861 0.619792 0.129167 0.168750
7 0.625000 0.204167 0.105556 0.145833
8 0.426389 0.410417 0.113889 0.133333
9 0.884028 0.121875 0.098611 0.206250
10 0.431944 0.100000 0.088889 0.137500
11 0.953472 0.050000 0.115278 0.095833
12 0.818056 0.132292 0.094444 0.172917
13 0.641667 0.017708 0.213889 0.031250
14 0.975000 0.202083 0.083333 0.150000
15 0.712500 0.183333 0.088889 0.258333
16 0.327083 0.312500 0.176389 0.320833
18 0.572222 0.129167 0.127778 0.179167
19 0.784722 0.219792 0.141667 0.197917
20 0.566667 0.738542 0.105556 0.202083
21 0.725000 0.584375 0.091667 0.172917
22 0.428472 0.034375 0.162500 0.064583
23 0.990278 0.331250 0.050000 0.141667
