0 0.761806 0.030208 0.123611 0.047917
1 0.432639 0.060417 0.190278 0.108333
2 0.540278 0.087500 0.080556 0.166667
4 0.248611 0.835417 0.144444 0.304167
5 0.625694 0.438542 0.154167 0.152083
6 0.661111 0.566667 0.169444 0.141667
7 0.357639 0.197917 0.129167 0.158333
10 0.113889 0.148958 0.138889 0.222917
14 0.764583 0.095833 0.070833 0.166667
16 0.356944 0.280208 0.119444 0.114583
19 0.636806 0.238542 0.168056 0.272917
20 0.335417 0.813542 0.143056 0.256250
21 0.388889 0.088542 0.122222 0.156250
22 0.354167 0.292708 0.194444 0.389583
