0 0.300000 0.066667 0.116667 0.120833
1 0.483333 0.132292 0.169444 0.193750
2 0.755556 0.040625 0.111111 0.072917
4 0.786111 0.372917 0.125000 0.287500
6 0.902778 0.600000 0.136111 0.170833
7 0.104167 0.636458 0.113889 0.152083
8 0.675000 0.485417 0.122222 0.225000
9 0.908333 0.201042 0.125000 0.185417
10 0.651389 0.311458 0.119444 0.222917
11 0.614583 0.686458 0.184722 0.202083
12 0.667361 0.072917 0.112500 0.129167
13 0.564583 0.017708 0.154167 0.031250
14 0.283333 0.431250 0.180556 0.254167
15 0.834028 0.026042 0.081944 0.047917
16 0.417361 0.059375 0.120833 0.114583
17 0.857639 0.175000 0.115278 0.250000
18 0.558333 0.068750 0.102778 0.083333
19 0.758333 0.217708 0.144444 0.243750
20 0.211806 0.347917 0.162500 0.250000
21 0.528472 0.243750 0.131944 0.175000
22 0.550000 0.257292 0.202778 0.397917
23 0.407639 0.338542 0.126389 0.189583
