0 0.114583 0.211458 0.173611 0.218750
1 0.762500 0.083333 0.161111 0.162500
4 0.787500 0.402083 0.150000 0.312500
5 0.559722 0.602083 0.208333 0.229167
6 0.894444 0.654167 0.141667 0.162500
7 0.438889 0.823958 0.097222 0.131250
8 0.670139 0.554167 0.156944 0.283333
9 0.927778 0.191667 0.119444 0.254167
10 0.617361 0.244792 0.137500 0.064583
11 0.589583 0.737500 0.206944 0.154167
12 0.659722 0.045833 0.119444 0.087500
14 0.156944 0.488542 0.275000 0.393750
16 0.657639 0.154167 0.120833 0.200000
17 0.883333 0.158333 0.100000 0.279167
18 0.538194 0.082292 0.173611 0.160417
19 0.643056 0.330208 0.227778 0.168750
21 0.933333 0.379167 0.113889 0.229167
22 0.421528 0.289583 0.262500 0.537500
23 0.751389 0.134375 0.088889 0.135417
