0 0.197917 0.183333 0.131944 0.187500
1 0.661806 0.102083 0.118056 0.179167
2 0.638194 0.034375 0.118056 0.060417
4 0.685417 0.368750 0.131944 0.225000
5 0.514583 0.503125 0.137500 0.160417
6 0.807639 0.558333 0.137500 0.150000
7 0.409028 0.633333 0.098611 0.145833
8 0.583333 0.475000 0.133333 0.216667
9 0.813889 0.206250 0.127778 0.191667
12 0.584722 0.075000 0.102778 0.116667
13 0.479167 0.039583 0.188889 0.066667
14 0.094444 0.308333 0.186111 0.295833
15 0.712500 0.040625 0.052778 0.077083
16 0.563194 0.164583 0.098611 0.154167
17 0.766667 0.177083 0.097222 0.191667
18 0.489583 0.127083 0.120833 0.154167
19 0.563194 0.296875 0.195833 0.131250
20 0.493750 0.791667 0.106944 0.237500
21 0.820139 0.340625 0.120833 0.185417
22 0.348611 0.321875 0.202778 0.464583
23 0.652083 0.153125 0.090278 0.081250
