0 0.128472 0.336458 0.154167 0.222917
1 0.691667 0.083333 0.119444 0.158333
4 0.710417 0.327083 0.106944 0.208333
5 0.574306 0.431250 0.070833 0.125000
6 0.827778 0.531250 0.136111 0.133333
7 0.441667 0.583333 0.102778 0.175000
8 0.616667 0.420833 0.113889 0.200000
9 0.830556 0.178125 0.108333 0.193750
11 0.509028 0.536458 0.056944 0.081250
12 0.616667 0.059375 0.086111 0.110417
13 0.523611 0.021875 0.186111 0.039583
14 0.368056 0.320833 0.175000 0.450000
15 0.738194 0.031250 0.109722 0.058333
16 0.604861 0.157292 0.087500 0.160417
17 0.795139 0.158333 0.081944 0.195833
18 0.537500 0.086458 0.130556 0.131250
19 0.624306 0.251042 0.131944 0.127083
20 0.524306 0.737500 0.095833 0.254167
21 0.826389 0.309375 0.105556 0.172917
22 0.525694 0.215625 0.106944 0.293750
