0 0.900000 0.030208 0.111111 0.052083
1 0.790278 0.173958 0.097222 0.231250
2 0.521528 0.273958 0.237500 0.172917
4 0.395139 0.565625 0.154167 0.064583
5 0.711806 0.411458 0.145833 0.197917
6 0.824306 0.539583 0.140278 0.166667
7 0.501389 0.156250 0.102778 0.133333
9 0.775000 0.062500 0.102778 0.120833
10 0.309722 0.098958 0.097222 0.164583
12 0.697222 0.072917 0.105556 0.137500
14 0.890278 0.117708 0.094444 0.160417
15 0.588889 0.126042 0.100000 0.239583
16 0.293750 0.459375 0.181944 0.289583
18 0.446528 0.098958 0.145833 0.160417
19 0.667361 0.158333 0.151389 0.183333
20 0.475694 0.637500 0.068056 0.350000
21 0.608333 0.535417 0.127778 0.187500
22 0.297222 0.034375 0.141667 0.064583
23 0.913194 0.243750 0.062500 0.120833
