0 0.952778 0.087500 0.094444 0.116667
1 0.861806 0.290625 0.109722 0.247917
2 0.595833 0.436458 0.169444 0.118750
4 0.455556 0.682292 0.172222 0.243750
5 0.777083 0.581250 0.165278 0.170833
6 0.868750 0.718750 0.129167 0.141667
7 0.439583 0.412500 0.231944 0.287500
9 0.830556 0.117708 0.108333 0.222917
11 0.909722 0.044792 0.111111 0.072917
12 0.755556 0.148958 0.088889 0.214583
13 0.545833 0.021875 0.241667 0.039583
14 0.947222 0.212500 0.100000 0.229167
15 0.641667 0.216667 0.111111 0.312500
16 0.927778 0.859375 0.105556 0.197917
18 0.471528 0.183333 0.173611 0.225000
19 0.720833 0.258333 0.166667 0.220833
20 0.554861 0.807292 0.118056 0.343750
22 0.290972 0.071875 0.243056 0.139583
23 0.970833 0.353125 0.072222 0.152083
