0 0.229861 0.073958 0.045833 0.039583
1 0.417361 0.093750 0.137500 0.175000
2 0.629861 0.051042 0.140278 0.097917
4 0.422917 0.045833 0.109722 0.079167
6 0.799306 0.582292 0.154167 0.160417
7 0.438194 0.272917 0.123611 0.050000
8 0.579861 0.496875 0.145833 0.206250
9 0.796528 0.204167 0.101389 0.229167
10 0.554861 0.318750 0.104167 0.129167
11 0.519444 0.678125 0.177778 0.218750
12 0.559722 0.108333 0.108333 0.166667
13 0.506944 0.045833 0.136111 0.062500
14 0.206944 0.436458 0.138889 0.247917
15 0.723611 0.034375 0.102778 0.064583
16 0.450000 0.217708 0.150000 0.102083
17 0.753472 0.187500 0.115278 0.229167
19 0.660417 0.221875 0.120833 0.222917
20 0.197917 0.503125 0.143056 0.327083
21 0.434028 0.306250 0.109722 0.083333
22 0.449306 0.296875 0.179167 0.306250
