0 0.990278 0.194792 0.025000 0.102083
1 0.733333 0.681250 0.105556 0.312500
2 0.616667 0.465625 0.272222 0.239583
4 0.534028 0.666667 0.148611 0.133333
5 0.790972 0.685417 0.040278 0.158333
8 0.382639 0.543750 0.198611 0.195833
9 0.896528 0.131250 0.112500 0.162500
10 0.356250 0.181250 0.165278 0.254167
11 0.303472 0.331250 0.284722 0.283333
14 0.977778 0.297917 0.052778 0.179167
15 0.684722 0.313542 0.077778 0.210417
16 0.463889 0.269792 0.122222 0.243750
18 0.547917 0.220833 0.173611 0.225000
20 0.580556 0.851042 0.113889 0.393750
21 0.457639 0.784375 0.181944 0.297917
