0 0.238194 0.075000 0.065278 0.133333
1 0.408333 0.113542 0.155556 0.202083
4 0.720833 0.312500 0.150000 0.287500
6 0.872917 0.522917 0.148611 0.158333
7 0.064583 0.670833 0.115278 0.145833
8 0.621528 0.435417 0.134722 0.237500
9 0.845139 0.127083 0.131944 0.229167
10 0.597222 0.252083 0.091667 0.200000
11 0.568056 0.615625 0.172222 0.202083
12 0.596528 0.046875 0.131944 0.089583
14 0.202083 0.421875 0.226389 0.289583
16 0.329861 0.050000 0.101389 0.095833
17 0.790278 0.118750 0.133333 0.229167
18 0.459722 0.033333 0.102778 0.062500
19 0.698611 0.157292 0.125000 0.260417
20 0.140278 0.079167 0.150000 0.154167
21 0.462500 0.215625 0.130556 0.206250
22 0.463194 0.228125 0.262500 0.368750
23 0.339583 0.313542 0.095833 0.160417
