0 0.023611 0.746875 0.038889 0.189583
1 0.575694 0.084375 0.140278 0.164583
4 0.645139 0.366667 0.068056 0.162500
6 0.734722 0.597917 0.116667 0.170833
7 0.340972 0.755208 0.129167 0.189583
8 0.486111 0.510417 0.138889 0.225000
9 0.722917 0.191667 0.131944 0.204167
11 0.438889 0.703125 0.194444 0.189583
12 0.482639 0.055208 0.120833 0.102083
14 0.206944 0.660417 0.136111 0.433333
16 0.254167 0.484375 0.100000 0.093750
17 0.681944 0.148958 0.102778 0.235417
18 0.374306 0.096875 0.154167 0.185417
19 0.843056 0.289583 0.091667 0.245833
20 0.425694 0.875000 0.106944 0.275000
21 0.205556 0.362500 0.197222 0.300000
22 0.357639 0.272917 0.276389 0.408333
