6 0.836806 0.491667 0.154167 0.170833
7 0.345833 0.105208 0.086111 0.097917
8 0.606944 0.373958 0.116667 0.206250
9 0.839583 0.117708 0.115278 0.202083
10 0.583333 0.187500 0.108333 0.212500
11 0.538889 0.564583 0.175000 0.195833
12 0.615972 0.019792 0.084722 0.031250
14 0.201389 0.342708 0.208333 0.247917
16 0.468750 0.423958 0.134722 0.218750
17 0.793750 0.115625 0.118056 0.227083
19 0.702778 0.122917 0.116667 0.241667
20 0.101389 0.514583 0.158333 0.275000
21 0.469444 0.137500 0.094444 0.158333
22 0.483333 0.191667 0.236111 0.333333
