1 0.459722 0.104167 0.136111 0.200000
2 0.691667 0.308333 0.100000 0.170833
4 0.090972 0.543750 0.134722 0.220833
5 0.400000 0.384375 0.186111 0.222917
6 0.561111 0.478125 0.175000 0.135417
12 0.331250 0.034375 0.126389 0.064583
13 0.069444 0.019792 0.077778 0.027083
15 0.211806 0.110417 0.106944 0.212500
16 0.654861 0.613542 0.131944 0.197917
18 0.073611 0.162500 0.141667 0.204167
19 0.827778 0.297917 0.116667 0.233333
20 0.195139 0.672917 0.134722 0.370833
21 0.322917 0.576042 0.131944 0.260417
23 0.615278 0.090625 0.097222 0.131250
