0 0.168056 0.307292 0.152778 0.143750
1 0.656250 0.078125 0.131944 0.143750
4 0.678472 0.330208 0.123611 0.227083
5 0.513194 0.452083 0.137500 0.129167
6 0.806250 0.518750 0.137500 0.145833
7 0.407639 0.600000 0.109722 0.179167
8 0.581944 0.428125 0.113889 0.214583
9 0.801389 0.155208 0.116667 0.193750
12 0.578472 0.054167 0.101389 0.100000
13 0.490972 0.030208 0.204167 0.052083
14 0.179167 0.436458 0.219444 0.377083
15 0.706944 0.020833 0.077778 0.033333
16 0.570139 0.134375 0.098611 0.160417
17 0.760417 0.138542 0.087500 0.185417
18 0.487500 0.088542 0.097222 0.127083
19 0.584722 0.252083 0.122222 0.137500
20 0.493750 0.736458 0.095833 0.214583
21 0.802778 0.282292 0.105556 0.152083
22 0.470139 0.205208 0.140278 0.343750
23 0.637500 0.127083 0.077778 0.095833
