0 0.263889 0.055208 0.102778 0.106250
2 0.671528 0.030208 0.104167 0.056250
6 0.495139 0.122917 0.112500 0.154167
7 0.365278 0.159375 0.077778 0.160417
8 0.602083 0.426042 0.120833 0.185417
9 0.811111 0.171875 0.108333 0.227083
10 0.583333 0.266667 0.108333 0.137500
11 0.540278 0.595833 0.172222 0.170833
12 0.604861 0.054167 0.112500 0.100000
13 0.481944 0.018750 0.155556 0.033333
14 0.231944 0.394792 0.177778 0.181250
15 0.741667 0.020833 0.052778 0.037500
16 0.472917 0.470833 0.131944 0.170833
17 0.770139 0.161458 0.098611 0.239583
18 0.460417 0.071875 0.120833 0.106250
19 0.675000 0.183333 0.144444 0.229167
20 0.184028 0.334375 0.179167 0.114583
21 0.363889 0.518750 0.105556 0.187500
22 0.475694 0.232292 0.201389 0.343750
23 0.378472 0.075000 0.084722 0.137500
