0 0.343750 0.544792 0.129167 0.206250
1 0.768056 0.283333 0.161111 0.225000
2 0.717361 0.088542 0.162500 0.172917
4 0.456250 0.861458 0.145833 0.156250
5 0.847222 0.426042 0.138889 0.168750
6 0.864583 0.596875 0.123611 0.181250
7 0.773611 0.559375 0.102778 0.160417
8 0.325000 0.756250 0.100000 0.233333
9 0.830556 0.066667 0.094444 0.125000
10 0.312500 0.118750 0.119444 0.162500
11 0.347917 0.316667 0.173611 0.287500
12 0.772222 0.064583 0.091667 0.125000
14 0.531944 0.222917 0.186111 0.312500
16 0.698611 0.377083 0.116667 0.216667
18 0.507639 0.027083 0.143056 0.050000
19 0.845833 0.241667 0.133333 0.200000
20 0.575000 0.811458 0.075000 0.289583
21 0.638889 0.515625 0.133333 0.189583
22 0.548611 0.255208 0.194444 0.393750
23 1.000000 0.675000 0.041667 0.112500
