0 0.210417 0.736458 0.145833 0.222917
1 0.802083 0.107292 0.137500 0.206250
2 0.870833 0.039583 0.075000 0.070833
4 0.540278 0.171875 0.155556 0.277083
5 0.897222 0.507292 0.147222 0.185417
6 0.904167 0.680208 0.127778 0.181250
7 0.559028 0.739583 0.081944 0.125000
9 0.941667 0.273958 0.102778 0.227083
10 0.670833 0.309375 0.122222 0.218750
11 0.643750 0.765625 0.093056 0.135417
12 0.706250 0.070833 0.115278 0.129167
14 0.388194 0.605208 0.218056 0.385417
15 0.879861 0.033333 0.068056 0.054167
16 0.147222 0.185417 0.091667 0.191667
17 0.902778 0.221875 0.094444 0.260417
18 0.601389 0.100000 0.147222 0.158333
20 0.601389 0.907292 0.158333 0.231250
21 0.061806 0.132292 0.118056 0.218750
22 0.530556 0.289583 0.202778 0.433333
23 0.740972 0.213542 0.093056 0.172917
