0 0.927778 0.065625 0.102778 0.097917
1 0.815278 0.238542 0.108333 0.247917
2 0.526389 0.357292 0.233333 0.202083
4 0.418056 0.639583 0.175000 0.141667
5 0.734028 0.488542 0.151389 0.193750
6 0.843750 0.616667 0.140278 0.154167
7 0.506250 0.216667 0.101389 0.154167
9 0.781944 0.081250 0.108333 0.158333
10 0.300694 0.138542 0.134722 0.139583
11 0.352083 0.377083 0.251389 0.454167
12 0.713194 0.105208 0.090278 0.164583
13 0.496528 0.016667 0.179167 0.029167
14 0.911806 0.175000 0.101389 0.175000
15 0.600000 0.161458 0.100000 0.272917
16 0.181250 0.201042 0.156944 0.189583
18 0.447222 0.160417 0.144444 0.170833
19 0.677778 0.203125 0.161111 0.197917
20 0.499306 0.796875 0.054167 0.256250
21 0.644444 0.600000 0.088889 0.162500
22 0.281944 0.059375 0.208333 0.114583
23 0.936806 0.305208 0.070833 0.143750
