1 0.462500 0.154167 0.119444 0.170833
2 0.822222 0.032292 0.133333 0.060417
4 0.820833 0.446875 0.163889 0.331250
6 0.918750 0.657292 0.145833 0.210417
7 0.031250 0.668750 0.054167 0.154167
8 0.696528 0.552083 0.145833 0.266667
9 0.951389 0.228125 0.111111 0.231250
10 0.689583 0.317708 0.109722 0.206250
11 0.636806 0.759375 0.201389 0.206250
12 0.702083 0.061458 0.131944 0.118750
14 0.223611 0.478125 0.283333 0.347917
16 0.570139 0.248958 0.156944 0.210417
17 0.909028 0.202083 0.104167 0.304167
18 0.577083 0.029167 0.134722 0.054167
19 0.806944 0.241667 0.155556 0.312500
20 0.515278 0.811458 0.111111 0.322917
21 0.529861 0.311458 0.098611 0.102083
22 0.540972 0.339583 0.234722 0.475000
23 0.369444 0.326042 0.122222 0.160417
