0 0.840972 0.031250 0.112500 0.058333
1 0.679167 0.196875 0.244444 0.343750
2 0.621528 0.051042 0.129167 0.097917
4 0.293750 0.500000 0.231944 0.225000
5 0.629861 0.423958 0.140278 0.193750
6 0.728472 0.562500 0.131944 0.141667
7 0.488194 0.159375 0.118056 0.185417
8 0.216667 0.369792 0.163889 0.189583
9 0.734722 0.057292 0.077778 0.110417
10 0.201389 0.070833 0.130556 0.137500
11 0.061111 0.181250 0.119444 0.266667
12 0.670833 0.036458 0.091667 0.060417
14 0.815278 0.095833 0.100000 0.150000
16 0.450000 0.202083 0.097222 0.170833
18 0.378472 0.028125 0.070833 0.052083
20 0.409028 0.633333 0.106944 0.362500
21 0.531944 0.104167 0.147222 0.204167
22 0.443750 0.232292 0.179167 0.343750
