0 0.047222 0.076042 0.091667 0.147917
2 0.621528 0.030208 0.140278 0.047917
4 0.632639 0.458333 0.162500 0.312500
5 0.411806 0.688542 0.198611 0.189583
6 0.767361 0.681250 0.162500 0.166667
7 0.312500 0.926042 0.102778 0.102083
8 0.515278 0.609375 0.186111 0.252083
9 0.790972 0.212500 0.143056 0.258333
10 0.463889 0.319792 0.150000 0.068750
11 0.463889 0.808333 0.175000 0.125000
12 0.499306 0.060417 0.148611 0.112500
13 0.288194 0.021875 0.126389 0.039583
14 0.077083 0.591667 0.148611 0.358333
16 0.490278 0.179167 0.161111 0.233333
17 0.724306 0.177083 0.134722 0.270833
18 0.365278 0.135417 0.169444 0.233333
19 0.481250 0.387500 0.262500 0.175000
22 0.234028 0.380208 0.262500 0.531250
23 0.586111 0.170833 0.091667 0.125000
