0 0.175000 0.070833 0.152778 0.137500
1 0.084722 0.334375 0.147222 0.243750
2 0.654167 0.068750 0.152778 0.133333
4 0.677778 0.521875 0.163889 0.335417
5 0.463194 0.739583 0.195833 0.225000
6 0.811111 0.764583 0.150000 0.175000
7 0.147917 0.168750 0.126389 0.166667
8 0.565278 0.656250 0.141667 0.250000
9 0.829167 0.298958 0.116667 0.243750
10 0.534722 0.419792 0.166667 0.172917
11 0.498611 0.847917 0.194444 0.166667
12 0.570139 0.120833 0.154167 0.191667
13 0.429861 0.040625 0.245833 0.077083
14 0.106944 0.605208 0.205556 0.347917
15 0.754167 0.046875 0.097222 0.089583
17 0.781944 0.264583 0.116667 0.254167
18 0.439583 0.181250 0.168056 0.191667
19 0.670139 0.321875 0.162500 0.285417
21 0.263194 0.478125 0.165278 0.239583
22 0.329861 0.415625 0.259722 0.560417
23 0.175000 0.522917 0.094444 0.166667
