1 0.616667 0.088542 0.116667 0.168750
2 0.443750 0.203125 0.034722 0.077083
4 0.277083 0.444792 0.156944 0.218750
5 0.558333 0.301042 0.163889 0.168750
6 0.695833 0.402083 0.155556 0.170833
7 0.337500 0.109375 0.094444 0.097917
12 0.514583 0.018750 0.095833 0.029167
14 0.747222 0.034375 0.113889 0.052083
15 0.390972 0.091667 0.056944 0.175000
16 0.258333 0.196875 0.188889 0.235417
18 0.270139 0.071875 0.126389 0.102083
19 0.485417 0.069792 0.159722 0.135417
20 0.368750 0.576042 0.104167 0.372917
22 0.115972 0.040625 0.123611 0.077083
23 0.760417 0.108333 0.087500 0.137500
