1 0.856944 0.246875 0.100000 0.193750
2 0.577778 0.315625 0.230556 0.185417
4 0.461111 0.531250 0.222222 0.170833
5 0.776389 0.473958 0.152778 0.172917
6 0.870139 0.608333 0.137500 0.154167
7 0.570833 0.202083 0.097222 0.137500
8 0.385417 0.389583 0.154167 0.175000
9 0.834028 0.098958 0.095833 0.193750
10 0.375000 0.132292 0.102778 0.189583
11 0.905556 0.028125 0.097222 0.052083
12 0.762500 0.116667 0.108333 0.158333
13 0.581250 0.021875 0.206944 0.039583
14 0.927083 0.148958 0.112500 0.185417
15 0.658333 0.161458 0.094444 0.239583
16 0.224306 0.319792 0.148611 0.310417
18 0.511806 0.139583 0.134722 0.150000
19 0.736806 0.193750 0.131944 0.191667
20 0.564583 0.677083 0.101389 0.341667
21 0.665278 0.587500 0.127778 0.237500
22 0.368056 0.040625 0.205556 0.077083
23 0.965278 0.297917 0.069444 0.141667
