0 0.159722 0.879167 0.161111 0.233333
1 0.727778 0.379167 0.163889 0.258333
2 0.652083 0.064583 0.140278 0.125000
5 0.792361 0.530208 0.123611 0.197917
6 0.822222 0.702083 0.113889 0.187500
7 0.734722 0.665625 0.086111 0.122917
8 0.261806 0.950000 0.123611 0.104167
9 0.794444 0.101042 0.097222 0.193750
11 0.236806 0.450000 0.162500 0.308333
12 0.567361 0.101042 0.129167 0.189583
13 0.431250 0.035417 0.240278 0.062500
14 0.292361 0.726042 0.201389 0.347917
15 0.731944 0.040625 0.091667 0.077083
16 0.643750 0.498958 0.145833 0.193750
18 0.463194 0.172917 0.159722 0.187500
19 0.370833 0.248958 0.125000 0.231250
22 0.426389 0.731250 0.236111 0.416667
23 0.892361 0.544792 0.095833 0.172917
