0 0.898611 0.107292 0.088889 0.106250
1 0.578472 0.116667 0.131944 0.225000
2 0.684028 0.177083 0.115278 0.183333
4 0.414583 0.871875 0.140278 0.252083
5 0.786111 0.507292 0.144444 0.152083
6 0.818750 0.622917 0.173611 0.137500
7 0.554167 0.313542 0.119444 0.093750
9 0.779167 0.129167 0.102778 0.162500
10 0.313889 0.244792 0.094444 0.156250
11 0.227083 0.333333 0.173611 0.237500
12 0.737500 0.145833 0.075000 0.150000
13 0.457639 0.085417 0.134722 0.087500
14 0.874306 0.226042 0.112500 0.189583
15 0.702083 0.066667 0.093056 0.125000
16 0.551389 0.364583 0.119444 0.112500
18 0.482639 0.168750 0.109722 0.175000
19 0.793056 0.314583 0.152778 0.187500
20 0.513889 0.845833 0.116667 0.212500
21 0.563889 0.227083 0.125000 0.129167
22 0.538194 0.380208 0.179167 0.327083
