0 0.254167 0.145833 0.111111 0.129167
1 0.479167 0.103125 0.125000 0.197917
2 0.653472 0.072917 0.148611 0.133333
4 0.492361 0.072917 0.098611 0.137500
5 0.413889 0.041667 0.063889 0.075000
6 0.825694 0.629167 0.151389 0.195833
7 0.483333 0.301042 0.105556 0.089583
8 0.609028 0.532292 0.123611 0.206250
9 0.836111 0.258333 0.127778 0.208333
10 0.597222 0.352083 0.091667 0.150000
11 0.548611 0.708333 0.175000 0.225000
12 0.602083 0.141667 0.109722 0.166667
13 0.499306 0.083333 0.226389 0.075000
14 0.229861 0.489583 0.204167 0.279167
15 0.740972 0.052083 0.093056 0.095833
16 0.468056 0.253125 0.136111 0.114583
17 0.781250 0.258333 0.104167 0.275000
19 0.694444 0.275000 0.111111 0.225000
20 0.150694 0.273958 0.112500 0.227083
21 0.477083 0.336458 0.106944 0.077083
22 0.487500 0.343750 0.205556 0.362500
