1 0.349306 0.054167 0.131944 0.104167
2 0.661111 0.021875 0.086111 0.035417
4 0.672917 0.295833 0.123611 0.233333
5 0.495139 0.433333 0.151389 0.166667
6 0.799306 0.486458 0.154167 0.152083
7 0.370833 0.168750 0.111111 0.120833
8 0.579167 0.394792 0.127778 0.181250
9 0.797917 0.147917 0.115278 0.183333
11 0.520139 0.537500 0.159722 0.166667
12 0.570833 0.040625 0.111111 0.072917
14 0.229861 0.344792 0.159722 0.218750
16 0.384722 0.218750 0.122222 0.075000
17 0.751389 0.115625 0.105556 0.197917
18 0.483333 0.073958 0.125000 0.139583
19 0.550694 0.235417 0.179167 0.116667
20 0.530556 0.646875 0.072222 0.097917
22 0.392361 0.290625 0.168056 0.364583
