0 0.736111 0.026042 0.116667 0.047917
1 0.550000 0.263542 0.158333 0.218750
2 0.497222 0.079167 0.158333 0.141667
4 0.247917 0.812500 0.131944 0.258333
5 0.627083 0.397917 0.134722 0.200000
6 0.661111 0.544792 0.163889 0.147917
7 0.562500 0.525000 0.108333 0.150000
8 0.140972 0.782292 0.001389 0.002083
9 0.617361 0.057292 0.070833 0.102083
10 0.113194 0.116667 0.104167 0.187500
11 0.125000 0.341667 0.144444 0.325000
12 0.563194 0.047917 0.104167 0.079167
14 0.734722 0.087500 0.136111 0.158333
16 0.475000 0.359375 0.133333 0.177083
18 0.302778 0.043750 0.163889 0.079167
19 0.625000 0.217708 0.186111 0.177083
20 0.352778 0.740625 0.108333 0.160417
21 0.426389 0.492708 0.108333 0.210417
22 0.278472 0.241667 0.181944 0.350000
23 0.851389 0.619792 0.113889 0.143750
