0 0.210417 0.041667 0.129167 0.070833
1 0.113889 0.161458 0.180556 0.181250
2 0.647222 0.028125 0.113889 0.047917
4 0.685417 0.355208 0.087500 0.222917
5 0.506250 0.101042 0.248611 0.193750
6 0.800694 0.580208 0.137500 0.177083
7 0.210417 0.110417 0.056944 0.108333
8 0.542361 0.488542 0.115278 0.256250
9 0.790278 0.164583 0.119444 0.270833
10 0.484028 0.300000 0.062500 0.154167
11 0.487500 0.676042 0.172222 0.197917
14 0.133333 0.484375 0.186111 0.377083
16 0.261111 0.676042 0.127778 0.147917
17 0.739583 0.140625 0.120833 0.243750
18 0.393750 0.073958 0.120833 0.131250
19 0.660417 0.165625 0.095833 0.181250
20 0.399306 0.682292 0.134722 0.197917
21 0.281250 0.317708 0.134722 0.181250
22 0.329861 0.330208 0.209722 0.435417
23 0.200000 0.366667 0.083333 0.112500
