1 0.915972 0.702083 0.170833 0.204167
3 0.752083 0.087500 0.165278 0.166667
4 0.356944 0.760417 0.225000 0.200000
5 0.362500 0.292708 0.163889 0.152083
6 0.500000 0.637500 0.147222 0.187500
7 0.222222 0.420833 0.072222 0.083333
9 0.925000 0.496875 0.180556 0.185417
10 0.348611 0.129167 0.125000 0.145833
11 0.415972 0.722917 0.106944 0.129167
12 0.631944 0.783333 0.116667 0.166667
13 0.895139 0.489583 0.087500 0.237500
14 0.605556 0.620833 0.088889 0.145833
15 0.426389 0.679167 0.177778 0.245833
16 0.520139 0.553125 0.109722 0.152083
17 0.763194 0.264583 0.115278 0.145833
18 0.043750 0.276042 0.084722 0.135417
19 0.293750 0.364583 0.131944 0.137500
21 0.647222 0.234375 0.175000 0.218750
22 0.435417 0.021875 0.165278 0.031250
