0 0.914583 0.056250 0.070833 0.095833
1 0.958333 0.733333 0.111111 0.200000
3 0.700000 0.678125 0.086111 0.318750
4 0.509028 0.583333 0.140278 0.204167
5 0.622222 0.251042 0.080556 0.097917
6 0.692361 0.457292 0.084722 0.227083
9 0.977083 0.595833 0.087500 0.100000
10 0.618750 0.130208 0.106944 0.106250
11 0.611111 0.583333 0.152778 0.100000
12 0.754861 0.718750 0.115278 0.145833
13 0.964583 0.572917 0.070833 0.154167
14 0.822917 0.508333 0.134722 0.266667
15 0.461111 0.191667 0.191667 0.116667
16 0.736111 0.531250 0.119444 0.170833
17 0.874306 0.360417 0.148611 0.133333
19 0.536806 0.302083 0.093056 0.054167
21 0.346528 0.139583 0.056944 0.066667
22 0.478472 0.235417 0.284722 0.208333
