3 0.827778 0.073958 0.136111 0.131250
4 0.480556 0.731250 0.238889 0.237500
5 0.536111 0.084375 0.166667 0.164583
6 0.591667 0.500000 0.113889 0.316667
8 0.065972 0.270833 0.068056 0.066667
10 0.436806 0.034375 0.084722 0.043750
11 0.602083 0.690625 0.209722 0.093750
12 0.803472 0.769792 0.148611 0.189583
14 0.800694 0.472917 0.129167 0.412500
15 0.568750 0.644792 0.237500 0.281250
16 0.711806 0.515625 0.165278 0.222917
17 0.962500 0.175000 0.075000 0.150000
18 0.093056 0.154167 0.088889 0.183333
19 0.297917 0.320833 0.162500 0.270833
20 0.386806 0.247917 0.106944 0.258333
21 0.125000 0.219792 0.086111 0.106250
22 0.632639 0.037500 0.156944 0.070833
23 0.456944 0.112500 0.100000 0.116667
