3 0.851389 0.373958 0.127778 0.285417
4 0.657639 0.422917 0.223611 0.175000
5 0.598611 0.062500 0.152778 0.104167
6 0.752778 0.185417 0.088889 0.195833
7 0.550000 0.192708 0.055556 0.081250
11 0.704167 0.379167 0.127778 0.100000
12 0.908333 0.387500 0.116667 0.120833
14 0.882639 0.178125 0.140278 0.247917
15 0.743056 0.314583 0.172222 0.133333
16 0.829167 0.229167 0.119444 0.162500
18 0.352083 0.109375 0.090278 0.089583
19 0.551389 0.118750 0.113889 0.137500
22 0.445833 0.132292 0.180556 0.168750
