1 0.795139 0.407292 0.151389 0.185417
3 0.576389 0.030208 0.127778 0.056250
4 0.316667 0.578125 0.205556 0.164583
5 0.273611 0.237500 0.127778 0.100000
6 0.405556 0.406250 0.083333 0.154167
7 0.184028 0.346875 0.070833 0.077083
9 0.781944 0.263542 0.175000 0.106250
10 0.271528 0.140625 0.087500 0.064583
11 0.372222 0.532292 0.086111 0.097917
12 0.577083 0.531250 0.120833 0.129167
13 0.745139 0.257292 0.051389 0.181250
14 0.540972 0.307292 0.145833 0.239583
15 0.370139 0.480208 0.162500 0.185417
16 0.436806 0.366667 0.093056 0.116667
18 0.102778 0.354167 0.094444 0.083333
19 0.197222 0.286458 0.094444 0.147917
22 0.320139 0.031250 0.137500 0.058333
