0 0.747222 0.485417 0.066667 0.091667
1 0.979167 0.917708 0.061111 0.081250
3 0.802083 0.612500 0.120833 0.125000
5 0.547917 0.802083 0.087500 0.100000
6 0.858333 0.854167 0.072222 0.125000
9 0.967361 0.839583 0.056944 0.129167
10 0.543750 0.719792 0.065278 0.064583
13 0.928472 0.825000 0.040278 0.116667
14 0.766667 0.873958 0.113889 0.177083
15 0.600000 0.959375 0.091667 0.064583
16 0.686111 0.925000 0.080556 0.091667
19 0.500694 0.821875 0.126389 0.139583
21 0.824306 0.555208 0.056944 0.093750
22 0.595833 0.591667 0.169444 0.112500
