1 0.472656 0.463542 0.067187 0.156250
2 0.468750 0.744792 0.190625 0.206250
3 0.346875 0.883333 0.115625 0.175000
4 0.311719 0.351042 0.104688 0.118750
7 0.308594 0.729167 0.089063 0.116667
8 0.257031 0.575000 0.110937 0.120833
9 0.321875 0.592708 0.143750 0.114583
11 0.429688 0.858333 0.140625 0.179167
12 0.514844 0.654167 0.110937 0.154167
13 0.274219 0.446875 0.132812 0.110417
15 0.039844 0.912500 0.073438 0.195833
17 0.132031 0.698958 0.101562 0.302083
18 0.242969 0.334375 0.104688 0.118750
19 0.168750 0.466667 0.112500 0.150000
20 0.192188 0.629167 0.081250 0.104167
21 0.133594 0.270833 0.010937 0.050000
