1 0.646875 0.058333 0.096875 0.112500
2 0.674219 0.364583 0.245312 0.258333
3 0.467187 0.890625 0.190625 0.193750
4 0.432812 0.018750 0.078125 0.033333
6 0.114844 0.906250 0.160938 0.137500
7 0.467969 0.364583 0.139063 0.220833
8 0.475781 0.342708 0.107813 0.185417
9 0.463281 0.234375 0.148438 0.160417
11 0.419531 0.529167 0.182812 0.125000
12 0.249219 0.468750 0.110937 0.187500
13 0.382812 0.112500 0.106250 0.095833
14 0.036719 0.740625 0.070312 0.106250
15 0.330469 0.502083 0.145313 0.308333
16 0.069531 0.588542 0.114062 0.156250
17 0.314844 0.664583 0.232813 0.220833
19 0.718750 0.237500 0.212500 0.208333
20 0.275781 0.346875 0.085938 0.089583
22 0.059375 0.743750 0.112500 0.200000
