1 0.296875 0.988542 0.034375 0.018750
2 0.677344 0.232292 0.276562 0.189583
4 0.425781 0.957292 0.214062 0.122917
5 0.019531 0.279167 0.035937 0.095833
6 0.112500 0.955208 0.118750 0.085417
7 0.696094 0.888542 0.101562 0.156250
8 0.889062 0.625000 0.093750 0.120833
9 0.646094 0.602083 0.167187 0.191667
10 0.560156 0.582292 0.082812 0.177083
11 0.683594 0.772917 0.164062 0.154167
12 0.402344 0.678125 0.142187 0.127083
13 0.602344 0.414583 0.189062 0.070833
14 0.130469 0.777083 0.257812 0.279167
15 0.527344 0.743750 0.185938 0.187500
16 0.323437 0.786458 0.128125 0.185417
17 0.510938 0.868750 0.246875 0.158333
19 0.130469 0.526042 0.173437 0.168750
20 0.483594 0.506250 0.114062 0.200000
22 0.137500 0.779167 0.268750 0.295833
23 0.125000 0.211458 0.084375 0.102083
