0 0.041406 0.660417 0.079687 0.150000
1 0.418750 0.893750 0.115625 0.208333
2 0.593750 0.396875 0.181250 0.177083
3 0.598437 0.934375 0.181250 0.135417
4 0.529687 0.788542 0.178125 0.127083
5 0.131250 0.288542 0.109375 0.114583
6 0.274219 0.833333 0.145313 0.154167
7 0.761719 0.717708 0.098437 0.122917
8 0.939063 0.497917 0.090625 0.125000
9 0.711719 0.483333 0.139063 0.145833
10 0.636719 0.480208 0.095312 0.127083
11 0.746875 0.621875 0.159375 0.135417
12 0.512500 0.559375 0.112500 0.118750
13 0.698438 0.326042 0.121875 0.056250
14 0.265625 0.641667 0.206250 0.195833
15 0.614062 0.583333 0.171875 0.179167
16 0.428906 0.639583 0.104688 0.166667
17 0.597656 0.708333 0.204687 0.150000
18 0.659375 0.195833 0.093750 0.120833
19 0.301563 0.180208 0.125000 0.156250
20 0.567969 0.480208 0.085938 0.035417
22 0.266406 0.623958 0.223438 0.239583
23 0.262500 0.232292 0.046875 0.056250
