0 0.021875 0.743750 0.040625 0.150000
1 0.424219 0.963542 0.089063 0.072917
2 0.652344 0.288542 0.273438 0.302083
4 0.558594 0.931250 0.217188 0.137500
5 0.096875 0.326042 0.118750 0.127083
6 0.267188 0.936458 0.178125 0.127083
8 0.986719 0.584375 0.064062 0.147917
9 0.758594 0.567708 0.164062 0.185417
10 0.674219 0.552083 0.098437 0.175000
11 0.800781 0.719792 0.151562 0.118750
12 0.541406 0.645833 0.132812 0.150000
13 0.757812 0.373958 0.103125 0.047917
14 0.251563 0.755208 0.253125 0.247917
15 0.650000 0.695833 0.178125 0.191667
16 0.447656 0.752083 0.135937 0.162500
17 0.638281 0.814583 0.229687 0.170833
18 0.698438 0.229167 0.103125 0.129167
19 0.264062 0.526042 0.178125 0.164583
20 0.606250 0.483333 0.093750 0.191667
22 0.254688 0.752083 0.281250 0.258333
23 0.253125 0.243750 0.084375 0.104167
