0 0.394531 0.978125 0.110937 0.047917
2 0.102344 0.607292 0.145313 0.206250
4 0.528906 0.959375 0.089063 0.097917
5 0.175000 0.438542 0.081250 0.164583
6 0.412500 0.977083 0.065625 0.037500
8 0.997656 0.603125 0.023438 0.072917
9 0.785937 0.616667 0.162500 0.154167
10 0.685156 0.595833 0.142187 0.162500
11 0.852344 0.755208 0.167187 0.114583
12 0.585156 0.695833 0.114062 0.141667
13 0.731250 0.412500 0.203125 0.075000
14 0.917188 0.475000 0.175000 0.254167
15 0.682813 0.732292 0.184375 0.177083
16 0.442188 0.825000 0.150000 0.162500
17 0.685937 0.857292 0.146875 0.118750
18 0.728125 0.246875 0.118750 0.131250
19 0.100781 0.932292 0.173437 0.135417
20 0.361719 0.529167 0.182812 0.266667
22 0.211719 0.813542 0.142187 0.318750
23 0.366406 0.890625 0.079687 0.135417
