0 0.159375 0.926042 0.090625 0.127083
1 0.917188 0.623958 0.084375 0.193750
2 0.825000 0.439583 0.209375 0.191667
3 0.546875 0.871875 0.137500 0.168750
4 0.596094 0.146875 0.089063 0.143750
5 0.148438 0.594792 0.084375 0.131250
6 0.357812 0.968750 0.153125 0.079167
7 0.642188 0.517708 0.121875 0.131250
8 0.589844 0.380208 0.123438 0.093750
9 0.293750 0.681250 0.065625 0.137500
10 0.528906 0.835417 0.157812 0.108333
11 0.636719 0.753125 0.126562 0.185417
12 0.783594 0.584375 0.110937 0.181250
13 0.588281 0.237500 0.101562 0.112500
14 0.250781 0.834375 0.151562 0.172917
16 0.399219 0.640625 0.154688 0.143750
17 0.523438 0.150000 0.128125 0.120833
18 0.650000 0.266667 0.125000 0.137500
19 0.512500 0.447917 0.140625 0.187500
21 0.382031 0.208333 0.082812 0.083333
22 0.254688 0.851042 0.187500 0.160417
