1 0.605469 0.557292 0.095312 0.185417
2 0.483594 0.391667 0.201563 0.175000
3 0.280469 0.804167 0.123438 0.195833
4 0.278906 0.105208 0.082812 0.131250
6 0.081250 0.929167 0.156250 0.112500
7 0.329688 0.442708 0.100000 0.127083
8 0.277344 0.316667 0.110937 0.100000
9 0.156250 0.483333 0.106250 0.191667
10 0.136719 0.477083 0.067187 0.125000
11 0.332031 0.681250 0.135937 0.150000
12 0.472656 0.517708 0.123438 0.152083
13 0.264844 0.202083 0.110937 0.116667
14 0.020313 0.753125 0.037500 0.122917
15 0.112500 0.775000 0.140625 0.233333
16 0.257812 0.534375 0.090625 0.160417
17 0.278906 0.234375 0.085938 0.156250
18 0.328125 0.217708 0.075000 0.139583
19 0.212500 0.343750 0.134375 0.141667
22 0.034375 0.783333 0.065625 0.187500
