0 0.063281 0.809375 0.085938 0.135417
1 0.892969 0.750000 0.064062 0.079167
2 0.809375 0.603125 0.193750 0.247917
3 0.456250 0.942708 0.075000 0.085417
4 0.667188 0.265625 0.103125 0.114583
5 0.130469 0.477083 0.098437 0.104167
6 0.274219 0.922917 0.160938 0.141667
7 0.642969 0.596875 0.101562 0.152083
8 0.623437 0.478125 0.078125 0.089583
9 0.460938 0.508333 0.115625 0.183333
10 0.460938 0.850000 0.131250 0.116667
12 0.759375 0.708333 0.115625 0.154167
13 0.639844 0.360417 0.139063 0.095833
14 0.196875 0.743750 0.165625 0.175000
15 0.557031 0.811458 0.217188 0.322917
16 0.546094 0.306250 0.120313 0.125000
17 0.582812 0.228125 0.125000 0.064583
18 0.681250 0.389583 0.121875 0.100000
19 0.559375 0.532292 0.093750 0.197917
21 0.457031 0.211458 0.054688 0.077083
22 0.199219 0.751042 0.223438 0.206250
