0 0.022656 0.558333 0.042188 0.154167
1 0.432812 0.886458 0.137500 0.227083
2 0.701562 0.231250 0.218750 0.291667
3 0.644531 0.946875 0.189062 0.122917
4 0.580469 0.785417 0.220312 0.179167
5 0.121094 0.112500 0.142187 0.116667
6 0.264844 0.812500 0.189062 0.220833
7 0.855469 0.719792 0.126562 0.122917
8 1.000000 0.498958 0.015625 0.056250
9 0.814844 0.435417 0.129688 0.162500
10 0.719531 0.404167 0.107813 0.125000
11 0.831250 0.593750 0.159375 0.162500
12 0.573438 0.486458 0.118750 0.143750
13 0.817969 0.232292 0.070312 0.052083
14 0.251563 0.560417 0.265625 0.275000
15 0.685937 0.538542 0.218750 0.189583
16 0.471094 0.578125 0.139063 0.206250
17 0.655469 0.672917 0.229687 0.191667
18 0.764844 0.085417 0.095312 0.137500
19 0.287500 0.317708 0.184375 0.160417
20 0.638281 0.327083 0.104688 0.154167
22 0.264062 0.556250 0.321875 0.350000
