0 0.042969 0.833333 0.070312 0.154167
1 0.960938 0.666667 0.078125 0.187500
2 0.875781 0.451042 0.232813 0.239583
3 0.551562 0.884375 0.162500 0.164583
4 0.661719 0.062500 0.095312 0.120833
5 0.069531 0.425000 0.110937 0.141667
6 0.300000 0.928125 0.190625 0.147917
8 0.638281 0.286458 0.054688 0.031250
9 0.449219 0.392708 0.085938 0.243750
10 0.512500 0.812500 0.178125 0.141667
11 0.643750 0.761458 0.137500 0.227083
12 0.846875 0.575000 0.125000 0.154167
13 0.641406 0.165625 0.142187 0.118750
14 0.180469 0.760417 0.201563 0.216667
15 0.591406 0.403125 0.329688 0.297917
16 0.510938 0.209375 0.128125 0.197917
17 0.569531 0.051042 0.154688 0.089583
18 0.707812 0.206250 0.134375 0.120833
19 0.582031 0.358333 0.101562 0.129167
21 0.428125 0.031250 0.034375 0.045833
22 0.192969 0.745833 0.273438 0.187500
