0 0.175781 0.700000 0.117188 0.204167
1 0.307031 0.738542 0.107813 0.189583
2 0.021094 0.286458 0.039062 0.127083
3 0.488281 0.723958 0.204687 0.177083
4 0.385937 0.561458 0.203125 0.127083
5 0.042188 0.180208 0.059375 0.135417
6 0.234375 0.594792 0.075000 0.068750
7 0.628906 0.486458 0.101562 0.168750
8 0.832812 0.239583 0.103125 0.112500
9 0.576562 0.243750 0.171875 0.125000
10 0.493750 0.222917 0.109375 0.125000
11 0.620313 0.366667 0.159375 0.116667
12 0.360938 0.329167 0.106250 0.108333
13 0.544531 0.119792 0.107813 0.135417
14 0.706250 0.146875 0.162500 0.210417
15 0.460938 0.345833 0.178125 0.175000
16 0.236719 0.412500 0.145313 0.166667
17 0.457031 0.472917 0.232813 0.150000
19 0.020313 0.611458 0.037500 0.131250
20 0.386719 0.217708 0.120313 0.110417
22 0.081250 0.511458 0.153125 0.402083
23 0.187500 0.492708 0.100000 0.131250
