1 0.857031 0.693750 0.135937 0.116667
2 0.724219 0.512500 0.214062 0.200000
3 0.474219 0.938542 0.135937 0.143750
4 0.475000 0.159375 0.103125 0.114583
7 0.556250 0.544792 0.100000 0.114583
8 0.494531 0.416667 0.101562 0.104167
9 0.320312 0.136458 0.106250 0.085417
10 0.319531 0.565625 0.082812 0.147917
11 0.526563 0.831250 0.150000 0.187500
12 0.689844 0.646875 0.129688 0.206250
13 0.470313 0.262500 0.143750 0.120833
14 0.096875 0.894792 0.178125 0.210417
15 0.264844 0.885417 0.120313 0.258333
16 0.467187 0.620833 0.087500 0.150000
17 0.390625 0.614583 0.134375 0.283333
18 0.537500 0.295833 0.134375 0.133333
19 0.418750 0.443750 0.171875 0.216667
22 0.099219 0.877083 0.195312 0.229167
23 0.015625 0.390625 0.028125 0.102083
