0 0.050781 0.545833 0.095312 0.162500
1 0.431250 0.808333 0.128125 0.241667
2 0.129688 0.342708 0.150000 0.189583
3 0.628125 0.875000 0.171875 0.170833
4 0.570312 0.698958 0.193750 0.160417
5 0.164844 0.156250 0.123438 0.108333
6 0.305469 0.775000 0.129688 0.170833
7 0.809375 0.655208 0.115625 0.114583
8 0.978906 0.443750 0.057813 0.120833
9 0.759375 0.401042 0.146875 0.152083
10 0.667188 0.381250 0.134375 0.125000
11 0.798438 0.543750 0.137500 0.129167
12 0.553906 0.436458 0.114062 0.131250
13 0.725000 0.237500 0.196875 0.091667
14 0.879687 0.325000 0.165625 0.233333
15 0.652344 0.500000 0.176563 0.150000
16 0.433594 0.521875 0.142187 0.172917
17 0.633594 0.613542 0.214062 0.168750
18 0.719531 0.113542 0.104688 0.110417
19 0.100781 0.642708 0.148438 0.131250
22 0.253906 0.500000 0.160938 0.329167
23 0.242969 0.310417 0.076563 0.091667
