1 0.278125 0.866667 0.146875 0.250000
2 0.500781 0.466667 0.220312 0.200000
3 0.406250 0.922917 0.084375 0.058333
4 0.322656 0.147917 0.060937 0.137500
6 0.067187 0.921875 0.131250 0.114583
7 0.339844 0.500000 0.085938 0.120833
8 0.592187 0.271875 0.096875 0.110417
9 0.329688 0.370833 0.143750 0.133333
10 0.265625 0.405208 0.081250 0.093750
11 0.312500 0.595833 0.159375 0.104167
12 0.167969 0.566667 0.101562 0.120833
13 0.302344 0.261458 0.123438 0.097917
14 0.013281 0.754167 0.023438 0.108333
15 0.224219 0.588542 0.095312 0.218750
16 0.037500 0.642708 0.071875 0.122917
17 0.219531 0.703125 0.198437 0.160417
19 0.548438 0.365625 0.162500 0.147917
20 0.192188 0.447917 0.065625 0.075000
22 0.028906 0.765625 0.054688 0.168750
