0 0.095312 0.745833 0.087500 0.133333
1 0.525000 0.937500 0.131250 0.141667
2 0.574219 0.387500 0.139063 0.262500
3 0.710938 0.966667 0.146875 0.083333
4 0.642969 0.848958 0.189062 0.127083
5 0.192188 0.339583 0.146875 0.112500
6 0.368750 0.906250 0.171875 0.183333
7 0.890625 0.731250 0.103125 0.116667
9 0.816406 0.489583 0.154688 0.175000
10 0.735938 0.459375 0.103125 0.147917
11 0.870313 0.633333 0.153125 0.141667
12 0.614062 0.586458 0.103125 0.147917
13 0.789844 0.298958 0.135937 0.068750
14 0.349219 0.718750 0.248438 0.162500
15 0.717969 0.616667 0.170313 0.183333
16 0.529687 0.691667 0.112500 0.179167
17 0.710938 0.727083 0.218750 0.145833
18 0.747656 0.155208 0.101562 0.131250
19 0.353125 0.494792 0.162500 0.164583
20 0.676562 0.410417 0.084375 0.208333
22 0.354687 0.713542 0.265625 0.239583
23 0.353906 0.361458 0.054688 0.093750
