1 0.822656 0.703125 0.145313 0.135417
2 0.746875 0.465625 0.209375 0.264583
3 0.396875 0.817708 0.159375 0.143750
4 0.605469 0.062500 0.107813 0.104167
5 0.025781 0.229167 0.048438 0.075000
6 0.144531 0.801042 0.182812 0.168750
7 0.576562 0.457292 0.106250 0.168750
8 0.550000 0.276042 0.106250 0.127083
9 0.394531 0.311458 0.070312 0.231250
10 0.377344 0.729167 0.170313 0.162500
11 0.816406 0.421875 0.126562 0.152083
12 0.689063 0.604167 0.115625 0.179167
13 0.578906 0.158333 0.145313 0.070833
14 0.075000 0.589583 0.146875 0.195833
15 0.164844 0.433333 0.126562 0.229167
17 0.536719 0.045833 0.148438 0.075000
18 0.625781 0.211458 0.126562 0.118750
19 0.486719 0.354167 0.110937 0.237500
22 0.100000 0.611458 0.196875 0.181250
23 0.116406 0.133333 0.082812 0.083333
