0 0.011719 0.883333 0.020313 0.100000
1 0.903906 0.631250 0.142187 0.162500
2 0.771094 0.412500 0.226562 0.233333
3 0.477344 0.867708 0.148438 0.202083
4 0.519531 0.053125 0.085938 0.102083
5 0.011719 0.418750 0.020313 0.054167
6 0.225781 0.936458 0.167187 0.135417
7 0.579688 0.453125 0.115625 0.156250
8 0.530469 0.296875 0.129688 0.127083
9 0.416406 0.495833 0.154688 0.195833
10 0.350781 0.428125 0.076563 0.110417
11 0.558594 0.733333 0.135937 0.237500
12 0.725781 0.557292 0.142187 0.172917
13 0.518750 0.155208 0.165625 0.131250
14 0.100000 0.778125 0.181250 0.222917
15 0.278125 0.794792 0.118750 0.293750
16 0.505469 0.543750 0.076563 0.150000
18 0.592187 0.181250 0.143750 0.120833
19 0.447656 0.332292 0.176563 0.177083
22 0.115625 0.771875 0.228125 0.235417
23 0.060937 0.280208 0.068750 0.093750
