0 0.120313 0.922917 0.053125 0.116667
1 0.895312 0.580208 0.093750 0.185417
2 0.782031 0.387500 0.217188 0.179167
3 0.507812 0.851042 0.137500 0.177083
4 0.544531 0.103125 0.089063 0.143750
5 0.113281 0.588542 0.092188 0.131250
6 0.342969 0.954167 0.142187 0.095833
7 0.601562 0.475000 0.134375 0.145833
8 0.549219 0.347917 0.132812 0.100000
9 0.347656 0.418750 0.085938 0.116667
10 0.487500 0.818750 0.153125 0.125000
11 0.598437 0.729167 0.150000 0.200000
12 0.757812 0.551042 0.128125 0.189583
13 0.535156 0.198958 0.110937 0.110417
14 0.175000 0.816667 0.050000 0.095833
15 0.362500 0.817708 0.090625 0.235417
16 0.382812 0.392708 0.084375 0.106250
17 0.467969 0.115625 0.142187 0.143750
18 0.605469 0.225000 0.126562 0.137500
19 0.479687 0.408333 0.146875 0.195833
21 0.340625 0.160417 0.071875 0.062500
22 0.228906 0.832292 0.214062 0.131250
