1 0.685156 0.268750 0.079687 0.154167
2 0.676562 0.543750 0.212500 0.241667
3 0.432812 0.705208 0.115625 0.172917
4 0.525781 0.161458 0.117188 0.106250
5 0.015625 0.337500 0.028125 0.079167
6 0.117188 0.840625 0.150000 0.122917
7 0.496875 0.522917 0.106250 0.129167
8 0.453125 0.363542 0.112500 0.110417
9 0.533594 0.403125 0.129688 0.135417
10 0.231250 0.433333 0.081250 0.112500
11 0.590625 0.659375 0.165625 0.181250
12 0.329688 0.521875 0.103125 0.156250
13 0.472656 0.284375 0.170313 0.131250
14 0.063281 0.654167 0.120313 0.129167
15 0.409375 0.527083 0.118750 0.145833
16 0.141406 0.552083 0.101562 0.120833
17 0.180469 0.396875 0.076563 0.293750
18 0.460156 0.139583 0.098437 0.112500
19 0.735938 0.451042 0.140625 0.168750
20 0.367969 0.398958 0.082812 0.122917
22 0.078906 0.664583 0.154688 0.191667
23 0.085938 0.241667 0.062500 0.070833
