0 0.032031 0.728125 0.060937 0.164583
1 0.467187 0.953125 0.125000 0.097917
2 0.749219 0.205208 0.245312 0.231250
3 0.668750 0.989583 0.056250 0.020833
4 0.596875 0.903125 0.225000 0.172917
5 0.115625 0.271875 0.131250 0.127083
6 0.297656 0.916667 0.185938 0.150000
7 0.870313 0.764583 0.062500 0.079167
9 0.797656 0.522917 0.170313 0.175000
10 0.721875 0.497917 0.093750 0.183333
11 0.839844 0.681250 0.170313 0.141667
12 0.585938 0.613542 0.143750 0.152083
13 0.768750 0.315625 0.168750 0.052083
14 0.278906 0.720833 0.257812 0.266667
15 0.690625 0.641667 0.193750 0.187500
16 0.481250 0.715625 0.131250 0.189583
17 0.670312 0.780208 0.234375 0.139583
18 0.767969 0.126042 0.029687 0.043750
19 0.292187 0.475000 0.190625 0.187500
20 0.650000 0.440625 0.090625 0.202083
22 0.280469 0.714583 0.310937 0.283333
23 0.270313 0.185417 0.087500 0.120833
