0 0.056250 0.807292 0.081250 0.152083
1 0.961719 0.708333 0.079687 0.208333
2 0.897656 0.464583 0.204687 0.258333
3 0.568750 0.886458 0.159375 0.168750
4 0.701562 0.081250 0.093750 0.120833
5 0.100000 0.401042 0.115625 0.131250
6 0.303906 0.918750 0.198437 0.162500
7 0.717969 0.495833 0.114062 0.170833
8 0.690625 0.333333 0.093750 0.104167
9 0.494531 0.398958 0.142187 0.252083
10 0.526563 0.805208 0.165625 0.143750
11 0.671094 0.738542 0.123438 0.227083
12 0.847656 0.621875 0.139063 0.202083
13 0.676562 0.184375 0.146875 0.102083
14 0.203906 0.731250 0.207813 0.212500
15 0.160938 0.075000 0.118750 0.129167
16 0.542969 0.212500 0.120313 0.175000
17 0.612500 0.060417 0.153125 0.091667
18 0.741406 0.229167 0.145313 0.125000
19 0.625000 0.428125 0.112500 0.235417
21 0.464844 0.040625 0.048438 0.064583
22 0.207813 0.735417 0.275000 0.237500
