0 0.103125 0.726042 0.087500 0.127083
1 0.892188 0.463542 0.134375 0.193750
2 0.796875 0.272917 0.218750 0.212500
3 0.497656 0.707292 0.110937 0.097917
5 0.109375 0.385417 0.090625 0.125000
6 0.300781 0.768750 0.151562 0.116667
7 0.613281 0.315625 0.110937 0.143750
8 0.562500 0.184375 0.115625 0.114583
9 0.211719 0.450000 0.179688 0.175000
10 0.475000 0.626042 0.150000 0.127083
11 0.592969 0.548958 0.114062 0.193750
12 0.757031 0.414583 0.129688 0.183333
13 0.569531 0.070833 0.126562 0.108333
14 0.205469 0.628125 0.157812 0.193750
15 0.355469 0.617708 0.085938 0.227083
16 0.510156 0.402083 0.126562 0.183333
18 0.635938 0.090625 0.134375 0.122917
19 0.480469 0.232292 0.120313 0.168750
22 0.205469 0.629167 0.204687 0.212500
