1 0.781250 0.764583 0.121875 0.162500
2 0.708594 0.544792 0.214062 0.247917
3 0.367188 0.886458 0.137500 0.160417
4 0.563281 0.156250 0.092188 0.116667
5 0.023438 0.354167 0.043750 0.079167
6 0.139063 0.878125 0.165625 0.164583
7 0.532813 0.541667 0.115625 0.158333
8 0.507031 0.370833 0.095312 0.116667
9 0.343750 0.418750 0.087500 0.229167
10 0.342969 0.805208 0.139063 0.147917
11 0.782813 0.490625 0.131250 0.143750
12 0.652344 0.679167 0.142187 0.158333
13 0.585156 0.805208 0.170313 0.235417
14 0.071094 0.669792 0.139063 0.172917
15 0.153125 0.548958 0.128125 0.189583
16 0.460938 0.062500 0.128125 0.112500
17 0.493750 0.152083 0.106250 0.066667
18 0.582812 0.304167 0.140625 0.120833
19 0.450781 0.459375 0.098437 0.206250
22 0.089063 0.705208 0.175000 0.181250
