0 0.064844 0.585417 0.110937 0.141667
1 0.450781 0.832292 0.129688 0.222917
2 0.135937 0.384375 0.153125 0.185417
3 0.640625 0.882292 0.181250 0.177083
4 0.582031 0.722917 0.189062 0.145833
5 0.167187 0.194792 0.106250 0.110417
6 0.353906 0.827083 0.085938 0.150000
7 0.819531 0.652083 0.092188 0.120833
8 0.983594 0.437500 0.057813 0.125000
9 0.762500 0.403125 0.146875 0.164583
10 0.671875 0.384375 0.112500 0.127083
11 0.800781 0.546875 0.151562 0.127083
12 0.561719 0.455208 0.110937 0.147917
13 0.723437 0.237500 0.190625 0.062500
14 0.262500 0.522917 0.203125 0.216667
15 0.662500 0.514583 0.168750 0.158333
16 0.453906 0.546875 0.135937 0.168750
17 0.654687 0.626042 0.218750 0.139583
18 0.724219 0.104167 0.098437 0.112500
19 0.120313 0.695833 0.153125 0.145833
20 0.577344 0.296875 0.167187 0.164583
22 0.264062 0.523958 0.246875 0.222917
23 0.317969 0.264583 0.085938 0.095833
