1 0.368750 0.933333 0.128125 0.129167
2 0.611719 0.369792 0.232813 0.327083
3 0.581250 0.990625 0.137500 0.056250
4 0.507812 0.878125 0.234375 0.160417
5 0.059375 0.222917 0.115625 0.120833
6 0.200000 0.903125 0.178125 0.193750
7 0.757031 0.785417 0.079687 0.129167
8 0.963281 0.547917 0.085938 0.129167
9 0.739062 0.520833 0.115625 0.179167
10 0.621094 0.508333 0.110937 0.041667
11 0.754687 0.682292 0.140625 0.164583
12 0.485156 0.582292 0.120313 0.147917
13 0.703125 0.322917 0.131250 0.037500
14 0.195312 0.666667 0.278125 0.262500
15 0.603906 0.646875 0.189062 0.185417
16 0.395313 0.682292 0.128125 0.168750
17 0.582812 0.777083 0.240625 0.166667
18 0.675781 0.171875 0.107813 0.114583
19 0.207813 0.436458 0.162500 0.168750
20 0.554688 0.450000 0.087500 0.120833
22 0.200000 0.669792 0.293750 0.331250
23 0.214062 0.143750 0.075000 0.091667
