1 0.455469 0.975000 0.123438 0.091667
2 0.155469 0.470833 0.226562 0.175000
4 0.557813 0.923958 0.171875 0.135417
5 0.064844 0.245833 0.126562 0.129167
6 0.274219 0.954167 0.179688 0.129167
8 0.921094 0.604167 0.073438 0.125000
9 0.736719 0.573958 0.151562 0.147917
10 0.667188 0.542708 0.106250 0.110417
11 0.769531 0.721875 0.114062 0.106250
12 0.533594 0.638542 0.107813 0.131250
13 0.693750 0.403125 0.137500 0.064583
14 0.250000 0.719792 0.265625 0.302083
15 0.684375 0.664583 0.100000 0.100000
16 0.464062 0.752083 0.121875 0.204167
17 0.546094 0.797917 0.048438 0.095833
18 0.695312 0.254167 0.053125 0.125000
20 0.601562 0.498958 0.093750 0.168750
22 0.263281 0.721875 0.307812 0.331250
23 0.250781 0.362500 0.098437 0.125000
