1 0.370312 0.936458 0.128125 0.114583
2 0.496094 0.269792 0.229687 0.189583
4 0.507031 0.901042 0.207813 0.193750
5 0.101562 0.153125 0.137500 0.106250
6 0.197656 0.888542 0.182812 0.222917
7 0.750000 0.870833 0.071875 0.062500
8 0.971094 0.663542 0.079687 0.131250
9 0.749219 0.582292 0.145313 0.202083
10 0.664062 0.539583 0.084375 0.183333
11 0.778906 0.735417 0.123438 0.133333
12 0.520312 0.606250 0.143750 0.141667
13 0.724219 0.384375 0.185938 0.047917
14 0.212500 0.640625 0.284375 0.289583
15 0.629687 0.690625 0.203125 0.152083
16 0.425000 0.697917 0.128125 0.212500
17 0.592187 0.823958 0.228125 0.172917
18 0.751563 0.234375 0.084375 0.114583
19 0.241406 0.412500 0.201563 0.154167
20 0.607812 0.456250 0.096875 0.204167
22 0.214062 0.633333 0.309375 0.358333
23 0.275000 0.258333 0.084375 0.104167
