1 0.807031 0.737500 0.139063 0.158333
2 0.727344 0.519792 0.220312 0.247917
3 0.388281 0.884375 0.139063 0.156250
4 0.566406 0.142708 0.104688 0.102083
5 0.024219 0.363542 0.045312 0.077083
6 0.160156 0.889583 0.167187 0.150000
7 0.551562 0.527083 0.115625 0.150000
8 0.513281 0.360417 0.132812 0.141667
9 0.357031 0.402083 0.098437 0.200000
10 0.363281 0.804167 0.182812 0.154167
11 0.795312 0.461458 0.125000 0.135417
12 0.672656 0.659375 0.123438 0.164583
13 0.583594 0.761458 0.173437 0.243750
14 0.079687 0.694792 0.156250 0.172917
15 0.164844 0.553125 0.126562 0.218750
16 0.457031 0.059375 0.126562 0.093750
17 0.510156 0.120833 0.101562 0.087500
18 0.594531 0.290625 0.135937 0.122917
19 0.457031 0.450000 0.104688 0.229167
22 0.095312 0.723958 0.187500 0.197917
