1 0.860938 0.737500 0.190625 0.104167
2 0.652344 0.539583 0.260937 0.233333
3 0.423438 0.969792 0.037500 0.077083
4 0.402344 0.191667 0.139063 0.158333
7 0.459375 0.622917 0.128125 0.158333
8 0.398438 0.467708 0.146875 0.127083
9 0.251563 0.668750 0.115625 0.191667
10 0.229687 0.647917 0.056250 0.120833
11 0.451562 0.880208 0.140625 0.202083
12 0.627344 0.706250 0.148438 0.170833
13 0.388281 0.305208 0.145313 0.164583
14 0.067969 0.940625 0.129688 0.118750
15 0.192969 0.936458 0.104688 0.172917
16 0.360938 0.727083 0.112500 0.179167
17 0.310937 0.069792 0.128125 0.127083
18 0.452344 0.329167 0.126562 0.150000
19 0.310156 0.516667 0.170313 0.187500
21 0.163281 0.238542 0.095312 0.102083
22 0.086719 0.934375 0.170313 0.152083
