0 0.323437 0.304167 0.175000 0.358333
1 0.661719 0.590625 0.079687 0.135417
2 0.317188 0.127083 0.171875 0.166667
3 0.782813 0.711458 0.131250 0.131250
4 0.717969 0.551042 0.160938 0.168750
5 0.387500 0.025000 0.106250 0.045833
6 0.579688 0.629167 0.237500 0.312500
7 0.953906 0.590625 0.085938 0.127083
9 0.937500 0.311458 0.121875 0.164583
10 0.851562 0.263542 0.109375 0.122917
11 0.940625 0.454167 0.121875 0.141667
12 0.742969 0.301042 0.101562 0.139583
13 0.907813 0.141667 0.150000 0.104167
15 0.833594 0.375000 0.173437 0.120833
16 0.617969 0.359375 0.129688 0.164583
17 0.817187 0.522917 0.181250 0.150000
18 0.927344 0.043750 0.070312 0.075000
22 0.428125 0.296875 0.146875 0.360417
23 0.542969 0.405208 0.089063 0.118750
