2 0.057031 0.730208 0.110937 0.231250
5 0.071875 0.521875 0.115625 0.168750
9 0.796875 0.648958 0.190625 0.177083
10 0.684375 0.651042 0.140625 0.227083
11 0.889844 0.795833 0.126562 0.100000
12 0.531250 0.805208 0.109375 0.114583
13 0.730469 0.422917 0.210938 0.108333
14 0.911719 0.486458 0.176563 0.306250
15 0.717187 0.785417 0.140625 0.158333
16 0.439844 0.931250 0.114062 0.162500
17 0.664844 0.968750 0.254688 0.087500
18 0.708594 0.227083 0.132812 0.175000
20 0.432031 0.407292 0.242188 0.227083
22 0.185156 0.906250 0.198437 0.233333
