1 0.283594 0.918750 0.135937 0.158333
2 0.590625 0.250000 0.253125 0.254167
3 0.468750 0.993750 0.053125 0.025000
4 0.428125 0.872917 0.225000 0.195833
5 0.065625 0.077083 0.128125 0.112500
6 0.115625 0.841667 0.178125 0.212500
7 0.696094 0.862500 0.098437 0.154167
8 0.909375 0.662500 0.090625 0.120833
9 0.689844 0.557292 0.142187 0.206250
10 0.613281 0.509375 0.095312 0.172917
11 0.696875 0.732292 0.131250 0.156250
12 0.450781 0.581250 0.123438 0.141667
13 0.685937 0.355208 0.175000 0.077083
14 0.140625 0.593750 0.278125 0.329167
15 0.560156 0.652083 0.207813 0.162500
16 0.351562 0.659375 0.140625 0.227083
17 0.518750 0.797917 0.225000 0.212500
18 0.705469 0.201042 0.070312 0.152083
19 0.185156 0.340625 0.185938 0.143750
20 0.542969 0.420833 0.135937 0.162500
22 0.152344 0.591667 0.289062 0.358333
23 0.230469 0.039583 0.067187 0.066667
