0 0.038281 0.819792 0.073438 0.143750
1 0.921875 0.660417 0.131250 0.175000
2 0.817969 0.429167 0.207813 0.220833
3 0.520312 0.840625 0.146875 0.181250
4 0.601562 0.068750 0.115625 0.116667
5 0.047656 0.413542 0.092188 0.139583
6 0.281250 0.906250 0.181250 0.145833
7 0.642969 0.460417 0.107813 0.145833
8 0.604688 0.317708 0.103125 0.114583
9 0.422656 0.203125 0.117188 0.222917
10 0.399219 0.438542 0.067187 0.164583
11 0.600000 0.692708 0.146875 0.206250
12 0.776563 0.561458 0.121875 0.202083
13 0.583594 0.172917 0.145313 0.129167
14 0.168750 0.740625 0.178125 0.227083
15 0.340625 0.753125 0.100000 0.272917
16 0.254688 0.579167 0.118750 0.141667
17 0.464062 0.479167 0.153125 0.300000
18 0.650000 0.201042 0.134375 0.131250
19 0.525781 0.323958 0.148438 0.197917
22 0.164062 0.729167 0.268750 0.204167
23 0.137500 0.271875 0.068750 0.081250
