0 0.027344 0.842708 0.051562 0.147917
1 0.884375 0.723958 0.128125 0.106250
2 0.786719 0.528125 0.189062 0.197917
3 0.502344 0.894792 0.145313 0.181250
4 0.598437 0.175000 0.115625 0.116667
5 0.048438 0.454167 0.093750 0.120833
6 0.265625 0.938542 0.175000 0.131250
7 0.621875 0.547917 0.109375 0.141667
8 0.590625 0.411458 0.103125 0.110417
9 0.307031 0.518750 0.201563 0.175000
10 0.406250 0.516667 0.053125 0.141667
11 0.567969 0.762500 0.145313 0.200000
12 0.734375 0.668750 0.103125 0.179167
13 0.577344 0.271875 0.135937 0.110417
14 0.155469 0.763542 0.185938 0.193750
15 0.331250 0.810417 0.081250 0.250000
16 0.261719 0.637500 0.120313 0.112500
17 0.442188 0.543750 0.150000 0.279167
18 0.636719 0.311458 0.123438 0.110417
19 0.516406 0.421875 0.151562 0.172917
20 0.490625 0.459375 0.056250 0.135417
22 0.161719 0.768750 0.245312 0.191667
23 0.141406 0.322917 0.076563 0.091667
