0 0.138281 0.577083 0.117188 0.112500
1 0.497656 0.859375 0.107813 0.206250
2 0.225781 0.409375 0.154688 0.131250
3 0.661719 0.923958 0.167187 0.164583
4 0.609375 0.783333 0.165625 0.154167
5 0.266406 0.254167 0.129688 0.083333
6 0.377344 0.761458 0.126562 0.164583
7 0.836719 0.726042 0.089063 0.085417
8 0.986719 0.572917 0.039062 0.091667
9 0.802344 0.519792 0.126562 0.147917
10 0.727344 0.490625 0.067187 0.114583
11 0.813281 0.641667 0.120313 0.104167
12 0.617969 0.547917 0.117188 0.108333
13 0.787500 0.365625 0.150000 0.064583
14 0.318750 0.548958 0.196875 0.177083
15 0.698438 0.604167 0.162500 0.129167
16 0.507812 0.611458 0.109375 0.168750
17 0.682813 0.714583 0.209375 0.137500
18 0.782031 0.251042 0.098437 0.106250
19 0.178906 0.680208 0.142187 0.143750
20 0.677344 0.493750 0.098437 0.091667
21 0.660156 0.152083 0.048438 0.083333
22 0.328125 0.565625 0.243750 0.210417
23 0.400000 0.342708 0.084375 0.102083
