1 0.924219 0.796875 0.145313 0.081250
2 0.829688 0.555208 0.206250 0.285417
3 0.465625 0.945833 0.162500 0.116667
4 0.627344 0.055208 0.110937 0.106250
6 0.163281 0.948958 0.167187 0.143750
7 0.657813 0.525000 0.087500 0.158333
8 0.627344 0.353125 0.070312 0.127083
9 0.536719 0.152083 0.264062 0.241667
10 0.346875 0.492708 0.071875 0.131250
11 0.532031 0.822917 0.117188 0.212500
12 0.760938 0.677083 0.137500 0.191667
14 0.078125 0.765625 0.146875 0.218750
15 0.248438 0.820833 0.087500 0.295833
16 0.482031 0.637500 0.098437 0.200000
17 0.392188 0.512500 0.162500 0.345833
18 0.676562 0.232292 0.128125 0.143750
19 0.480469 0.391667 0.110937 0.237500
22 0.105469 0.754167 0.207813 0.237500
