1 0.392188 0.907292 0.121875 0.185417
2 0.553125 0.154167 0.156250 0.179167
3 0.609375 0.972917 0.165625 0.100000
4 0.534375 0.828125 0.218750 0.185417
5 0.095312 0.128125 0.137500 0.118750
6 0.222656 0.842708 0.185938 0.227083
7 0.787500 0.757292 0.071875 0.110417
8 0.975000 0.552083 0.075000 0.133333
9 0.762500 0.485417 0.146875 0.187500
10 0.664844 0.446875 0.070312 0.181250
11 0.786719 0.650000 0.129688 0.158333
12 0.527344 0.531250 0.129688 0.141667
13 0.746875 0.289583 0.146875 0.050000
14 0.231250 0.593750 0.284375 0.291667
15 0.642969 0.590625 0.192188 0.172917
16 0.435937 0.626042 0.140625 0.189583
17 0.612500 0.731250 0.228125 0.179167
18 0.739844 0.144792 0.067187 0.131250
19 0.253125 0.345833 0.190625 0.166667
20 0.610156 0.365625 0.092188 0.214583
22 0.231250 0.596875 0.309375 0.343750
23 0.264062 0.198958 0.087500 0.097917
