1 0.727344 0.221875 0.095312 0.168750
2 0.725781 0.542708 0.239063 0.247917
3 0.533594 0.965625 0.167187 0.085417
4 0.527344 0.107292 0.107813 0.135417
6 0.160938 0.957292 0.162500 0.089583
7 0.557813 0.512500 0.056250 0.041667
8 0.465625 0.385417 0.153125 0.137500
9 0.564844 0.400000 0.142187 0.166667
10 0.505469 0.563542 0.189062 0.210417
11 0.489063 0.676042 0.146875 0.131250
12 0.323437 0.596875 0.115625 0.177083
13 0.499219 0.218750 0.145313 0.125000
14 0.064844 0.822917 0.126562 0.183333
15 0.422656 0.631250 0.160938 0.291667
16 0.139063 0.679167 0.112500 0.141667
17 0.386719 0.778125 0.232813 0.197917
18 0.446094 0.094792 0.110937 0.102083
19 0.785937 0.437500 0.187500 0.195833
20 0.364063 0.419792 0.090625 0.164583
22 0.082031 0.810417 0.154688 0.216667
23 0.022656 0.310417 0.035937 0.083333
