0 0.064844 0.596875 0.110937 0.164583
1 0.460938 0.804167 0.137500 0.220833
2 0.128906 0.381250 0.154688 0.191667
3 0.657031 0.852083 0.167187 0.170833
4 0.584375 0.687500 0.196875 0.137500
5 0.146875 0.193750 0.112500 0.120833
6 0.332813 0.796875 0.137500 0.181250
7 0.821094 0.606250 0.107813 0.141667
8 0.982812 0.373958 0.062500 0.135417
9 0.761719 0.360417 0.154688 0.141667
10 0.663281 0.339583 0.129688 0.133333
11 0.807031 0.498958 0.148438 0.143750
12 0.558594 0.428125 0.110937 0.127083
13 0.713281 0.203125 0.189062 0.085417
14 0.257031 0.512500 0.223438 0.183333
15 0.661719 0.480208 0.167187 0.177083
16 0.447656 0.523958 0.123438 0.168750
17 0.646875 0.577083 0.212500 0.141667
18 0.703125 0.075000 0.090625 0.125000
19 0.110937 0.694792 0.128125 0.135417
20 0.540625 0.248958 0.162500 0.197917
22 0.257812 0.525000 0.256250 0.241667
23 0.270313 0.240625 0.096875 0.097917
