2 0.480469 0.773958 0.085938 0.093750
4 0.372656 0.698958 0.089063 0.264583
8 0.734375 0.863542 0.043750 0.093750
9 0.553906 0.872917 0.142187 0.125000
10 0.485938 0.875000 0.087500 0.116667
11 0.592187 0.976042 0.134375 0.081250
12 0.344531 0.958333 0.085938 0.100000
13 0.520312 0.718750 0.103125 0.062500
14 0.066406 0.971875 0.126562 0.152083
15 0.496875 0.953125 0.084375 0.081250
16 0.231250 0.947917 0.075000 0.116667
18 0.482812 0.594792 0.087500 0.131250
19 0.209375 0.638542 0.106250 0.197917
22 0.092969 0.958333 0.182812 0.137500
23 0.085938 0.538542 0.059375 0.102083
