2 0.369531 0.429167 0.173437 0.229167
4 0.198437 0.359375 0.121875 0.156250
6 0.089844 0.973958 0.132812 0.114583
7 0.629687 0.726042 0.075000 0.106250
8 0.809375 0.421875 0.109375 0.160417
9 0.520312 0.478125 0.146875 0.160417
11 0.600781 0.616667 0.139063 0.116667
12 0.283594 0.637500 0.126562 0.162500
13 0.469531 0.281250 0.164062 0.083333
14 0.039844 0.811458 0.067187 0.127083
15 0.360156 0.667708 0.085938 0.193750
16 0.082812 0.684375 0.125000 0.156250
17 0.367188 0.789583 0.178125 0.120833
18 0.426563 0.128125 0.118750 0.131250
19 0.750781 0.535417 0.164062 0.216667
20 0.321094 0.526042 0.060937 0.072917
22 0.056250 0.804167 0.109375 0.212500
23 0.017969 0.282292 0.032813 0.089583
