0 0.319531 0.832292 0.085938 0.135417
3 0.730469 0.580208 0.139063 0.239583
5 0.215625 0.439583 0.087500 0.145833
6 0.523438 0.775000 0.175000 0.145833
7 0.742188 0.081250 0.162500 0.158333
9 0.330469 0.205208 0.145313 0.202083
10 0.685156 0.537500 0.151562 0.216667
11 0.799219 0.376042 0.151562 0.268750
12 0.931250 0.114583 0.137500 0.195833
13 0.613281 0.134375 0.001563 0.002083
14 0.369531 0.665625 0.145313 0.268750
15 0.548438 0.617708 0.178125 0.247917
16 0.399219 0.150000 0.142187 0.158333
19 0.600000 0.113542 0.178125 0.214583
22 0.392969 0.635417 0.204687 0.283333
