0 0.032813 0.881250 0.062500 0.162500
1 0.946875 0.584375 0.112500 0.197917
2 0.830469 0.347917 0.220312 0.220833
3 0.542969 0.834375 0.145313 0.214583
4 0.540625 0.022917 0.121875 0.041667
5 0.021875 0.437500 0.040625 0.120833
6 0.281250 0.935417 0.190625 0.145833
7 0.638281 0.400000 0.126562 0.158333
9 0.080469 0.537500 0.098437 0.279167
10 0.385937 0.413542 0.087500 0.168750
11 0.603906 0.678125 0.157812 0.235417
12 0.793750 0.503125 0.137500 0.193750
13 0.560937 0.093750 0.134375 0.125000
14 0.150781 0.789583 0.182812 0.245833
15 0.325781 0.772917 0.135937 0.279167
16 0.534375 0.495833 0.143750 0.191667
17 0.564063 0.177083 0.212500 0.245833
18 0.630469 0.130208 0.104688 0.139583
19 0.495312 0.303125 0.171875 0.181250
22 0.146875 0.758333 0.256250 0.254167
