0 0.022656 0.581250 0.042188 0.120833
1 0.350000 0.812500 0.137500 0.220833
2 0.064844 0.400000 0.123438 0.183333
3 0.559375 0.855208 0.175000 0.164583
4 0.479687 0.698958 0.206250 0.135417
5 0.088281 0.226042 0.114062 0.097917
6 0.239844 0.792708 0.117188 0.164583
7 0.721094 0.618750 0.110937 0.137500
8 0.907031 0.398958 0.095312 0.118750
9 0.666406 0.389583 0.145313 0.141667
10 0.553906 0.372917 0.139063 0.137500
11 0.711719 0.513542 0.154688 0.135417
12 0.457031 0.446875 0.114062 0.110417
13 0.630469 0.241667 0.185938 0.079167
14 0.776563 0.303125 0.184375 0.214583
15 0.567969 0.488542 0.185938 0.172917
16 0.348438 0.534375 0.140625 0.156250
17 0.546875 0.588542 0.212500 0.127083
18 0.609375 0.118750 0.087500 0.120833
19 0.053125 0.695833 0.103125 0.120833
20 0.630469 0.098958 0.154688 0.102083
22 0.178125 0.525000 0.162500 0.312500
23 0.225000 0.323958 0.068750 0.093750
