0 0.014063 0.246875 0.025000 0.122917
1 0.352344 0.706250 0.139063 0.258333
2 0.632031 0.271875 0.173437 0.114583
3 0.532813 0.822917 0.171875 0.200000
4 0.482031 0.634375 0.195312 0.206250
6 0.206250 0.577083 0.146875 0.208333
7 0.718750 0.671875 0.106250 0.118750
8 0.890625 0.545833 0.087500 0.108333
9 0.720313 0.419792 0.118750 0.210417
10 0.650000 0.372917 0.093750 0.100000
11 0.717187 0.556250 0.125000 0.141667
12 0.505469 0.377083 0.123438 0.120833
13 0.729688 0.270833 0.103125 0.104167
14 0.232813 0.342708 0.287500 0.277083
15 0.609375 0.475000 0.178125 0.104167
16 0.439844 0.414583 0.107813 0.200000
17 0.562500 0.579167 0.196875 0.204167
18 0.731250 0.132292 0.065625 0.139583
20 0.584375 0.334375 0.084375 0.093750
22 0.237500 0.352083 0.284375 0.316667
