1 0.860938 0.710417 0.134375 0.116667
2 0.789844 0.484375 0.226562 0.252083
3 0.431250 0.845833 0.159375 0.187500
4 0.629687 0.064583 0.150000 0.104167
5 0.029687 0.230208 0.056250 0.106250
6 0.154688 0.832292 0.175000 0.202083
7 0.607812 0.467708 0.125000 0.168750
8 0.590625 0.293750 0.078125 0.108333
9 0.407813 0.407292 0.150000 0.189583
10 0.375000 0.377083 0.043750 0.145833
11 0.526563 0.721875 0.146875 0.243750
12 0.720313 0.620833 0.131250 0.212500
13 0.602344 0.143750 0.145313 0.062500
14 0.086719 0.587500 0.160938 0.187500
15 0.245312 0.696875 0.093750 0.302083
16 0.495312 0.511458 0.128125 0.177083
17 0.567969 0.253125 0.104688 0.264583
18 0.658594 0.212500 0.135937 0.125000
19 0.490625 0.305208 0.134375 0.206250
22 0.105469 0.637500 0.207813 0.212500
