1 0.225000 0.935417 0.118750 0.112500
2 0.259375 0.395833 0.156250 0.208333
3 0.452344 0.925000 0.085938 0.125000
4 0.128125 0.363542 0.100000 0.189583
6 0.101562 0.970833 0.128125 0.075000
8 0.630469 0.254167 0.123438 0.125000
9 0.371094 0.393750 0.151562 0.158333
10 0.301563 0.456250 0.071875 0.120833
11 0.493750 0.478125 0.075000 0.135417
12 0.207813 0.606250 0.093750 0.141667
13 0.331250 0.252083 0.118750 0.104167
14 0.032031 0.826042 0.060937 0.139583
15 0.303906 0.572917 0.151562 0.237500
16 0.055469 0.694792 0.101562 0.139583
17 0.310156 0.669792 0.173437 0.152083
18 0.272656 0.157292 0.089063 0.122917
19 0.414844 0.577083 0.173437 0.258333
20 0.233594 0.508333 0.085938 0.058333
22 0.059375 0.836458 0.112500 0.181250
