0 0.043750 0.588542 0.084375 0.152083
1 0.861719 0.176042 0.073438 0.160417
2 0.838281 0.441667 0.185938 0.233333
3 0.520312 0.715625 0.159375 0.168750
4 0.699219 0.068750 0.107813 0.104167
5 0.128125 0.236458 0.103125 0.110417
6 0.266406 0.715625 0.160938 0.147917
7 0.678125 0.415625 0.121875 0.143750
8 0.649219 0.259375 0.110937 0.110417
9 0.696094 0.304167 0.157812 0.137500
11 0.610156 0.636458 0.135937 0.197917
12 0.771094 0.532292 0.157812 0.135417
13 0.660156 0.152083 0.139063 0.083333
14 0.195312 0.511458 0.203125 0.156250
15 0.353906 0.589583 0.098437 0.258333
16 0.304688 0.418750 0.100000 0.120833
17 0.516406 0.369792 0.107813 0.264583
18 0.345313 0.343750 0.078125 0.120833
19 0.535156 0.165625 0.151562 0.168750
20 0.560937 0.300000 0.096875 0.083333
22 0.192969 0.521875 0.232813 0.210417
23 0.240625 0.126042 0.062500 0.068750
