0 0.039844 0.828125 0.076563 0.152083
1 0.922656 0.620833 0.126562 0.183333
2 0.814844 0.388542 0.229687 0.222917
3 0.515625 0.819792 0.137500 0.185417
4 0.576562 0.044792 0.096875 0.085417
5 0.041406 0.422917 0.079687 0.137500
6 0.275000 0.895833 0.175000 0.145833
7 0.632812 0.419792 0.109375 0.135417
8 0.587500 0.277083 0.106250 0.104167
9 0.396094 0.209375 0.129688 0.206250
10 0.388281 0.421875 0.064062 0.160417
11 0.595313 0.681250 0.162500 0.187500
12 0.765625 0.522917 0.143750 0.195833
13 0.567969 0.134375 0.148438 0.114583
14 0.163281 0.741667 0.164062 0.241667
15 0.331250 0.739583 0.090625 0.270833
16 0.235937 0.575000 0.115625 0.129167
17 0.457813 0.465625 0.150000 0.285417
18 0.641406 0.170833 0.139063 0.137500
19 0.507031 0.300000 0.157812 0.216667
22 0.160156 0.728125 0.264062 0.202083
