0 0.027344 0.941667 0.051562 0.133333
1 0.933594 0.731250 0.107813 0.104167
2 0.838281 0.536458 0.229687 0.227083
3 0.537500 0.953125 0.159375 0.097917
4 0.594531 0.157292 0.139063 0.127083
5 0.037500 0.533333 0.071875 0.137500
7 0.656250 0.563542 0.075000 0.114583
8 0.588281 0.425000 0.117188 0.137500
9 0.332813 0.883333 0.215625 0.154167
10 0.519531 0.561458 0.157812 0.152083
11 0.607031 0.865625 0.151562 0.185417
12 0.797656 0.677083 0.135937 0.145833
13 0.585938 0.266667 0.150000 0.120833
14 0.148438 0.864583 0.203125 0.162500
15 0.327344 0.896875 0.101562 0.252083
16 0.527344 0.697917 0.135937 0.145833
17 0.542969 0.227083 0.167187 0.112500
18 0.658594 0.313542 0.123438 0.139583
19 0.504687 0.453125 0.143750 0.168750
21 0.366406 0.115625 0.060937 0.064583
22 0.160156 0.879167 0.248438 0.200000
23 0.118750 0.387500 0.068750 0.083333
