0 0.152344 0.576042 0.123438 0.114583
1 0.514844 0.864583 0.104688 0.225000
2 0.242969 0.398958 0.160938 0.127083
3 0.672656 0.936458 0.154688 0.160417
4 0.625781 0.793750 0.167187 0.154167
6 0.389844 0.783333 0.126562 0.166667
7 0.832812 0.745833 0.062500 0.083333
8 1.002344 0.604167 0.032813 0.083333
9 0.820312 0.542708 0.134375 0.139583
10 0.744531 0.507292 0.092188 0.110417
11 0.828125 0.671875 0.118750 0.114583
12 0.639062 0.564583 0.118750 0.112500
13 0.803125 0.393750 0.178125 0.075000
14 0.346875 0.568750 0.206250 0.191667
15 0.719531 0.623958 0.151562 0.122917
16 0.526563 0.618750 0.112500 0.170833
17 0.697656 0.718750 0.201563 0.120833
18 0.799219 0.289583 0.085938 0.104167
19 0.196875 0.672917 0.134375 0.154167
20 0.701562 0.514583 0.093750 0.066667
21 0.661719 0.183333 0.070312 0.108333
22 0.364063 0.556250 0.218750 0.229167
