2 0.131250 0.746875 0.153125 0.214583
5 0.206250 0.590625 0.103125 0.143750
9 0.829688 0.695833 0.168750 0.141667
10 0.725781 0.687500 0.120313 0.200000
11 0.897656 0.833333 0.148438 0.141667
12 0.603125 0.806250 0.137500 0.154167
13 0.761719 0.517708 0.201563 0.106250
14 0.928906 0.557292 0.151562 0.239583
15 0.697656 0.853125 0.142187 0.197917
16 0.475000 0.933333 0.168750 0.158333
17 0.696875 0.965625 0.228125 0.114583
18 0.742188 0.358333 0.121875 0.154167
20 0.391406 0.464583 0.179688 0.166667
22 0.271094 0.898958 0.195312 0.210417
23 0.401562 0.977083 0.075000 0.050000
