0 0.262500 0.646875 0.115625 0.252083
1 0.392188 0.687500 0.118750 0.179167
2 0.028906 0.268750 0.054688 0.137500
3 0.566406 0.652083 0.185938 0.187500
4 0.462500 0.492708 0.221875 0.106250
5 0.042188 0.144792 0.081250 0.135417
6 0.274219 0.540625 0.067187 0.135417
7 0.728125 0.373958 0.118750 0.168750
8 0.891406 0.087500 0.107813 0.116667
9 0.631250 0.112500 0.200000 0.125000
10 0.510938 0.115625 0.121875 0.156250
11 0.689063 0.242708 0.184375 0.127083
12 0.409375 0.219792 0.121875 0.152083
14 0.764062 0.059375 0.150000 0.114583
15 0.521094 0.251042 0.176563 0.189583
16 0.296094 0.367708 0.167187 0.152083
17 0.512500 0.354167 0.243750 0.170833
19 0.019531 0.640625 0.035937 0.089583
22 0.088281 0.468750 0.173437 0.358333
23 0.257031 0.454167 0.095312 0.120833
