1 0.373437 0.928125 0.121875 0.143750
2 0.564063 0.258333 0.125000 0.216667
3 0.575781 0.987500 0.098437 0.045833
4 0.514844 0.870833 0.214062 0.195833
5 0.087500 0.146875 0.128125 0.122917
6 0.199219 0.873958 0.192188 0.227083
7 0.752344 0.835417 0.057813 0.066667
8 0.969531 0.603125 0.098437 0.127083
9 0.750781 0.534375 0.151562 0.193750
10 0.657813 0.497917 0.087500 0.175000
11 0.769531 0.691667 0.145313 0.141667
12 0.516406 0.571875 0.139063 0.143750
13 0.733594 0.336458 0.145313 0.064583
14 0.214062 0.620833 0.293750 0.287500
15 0.628906 0.644792 0.201563 0.152083
16 0.425781 0.662500 0.117188 0.183333
17 0.593750 0.775000 0.240625 0.183333
18 0.740625 0.187500 0.068750 0.133333
19 0.246094 0.381250 0.185938 0.154167
20 0.603906 0.414583 0.082812 0.187500
22 0.216406 0.621875 0.320312 0.331250
23 0.270313 0.239583 0.075000 0.095833
