0 0.050000 0.770833 0.096875 0.162500
1 0.484375 0.939583 0.131250 0.125000
2 0.655469 0.352083 0.207813 0.233333
3 0.713281 0.975000 0.135937 0.062500
4 0.616406 0.863542 0.226562 0.135417
5 0.106250 0.326042 0.106250 0.135417
6 0.318750 0.926042 0.181250 0.147917
7 0.882812 0.719792 0.112500 0.135417
9 0.797656 0.453125 0.157812 0.168750
10 0.714844 0.462500 0.095312 0.158333
11 0.850781 0.618750 0.151562 0.170833
12 0.575781 0.579167 0.117188 0.162500
13 0.764844 0.259375 0.132812 0.081250
14 0.291406 0.725000 0.251563 0.200000
15 0.698438 0.596875 0.187500 0.210417
16 0.482031 0.690625 0.126562 0.164583
17 0.685156 0.715625 0.242188 0.156250
18 0.715625 0.116667 0.121875 0.125000
19 0.302344 0.480208 0.154688 0.168750
20 0.625781 0.471875 0.107813 0.043750
22 0.306250 0.742708 0.262500 0.218750
23 0.232813 0.208333 0.046875 0.054167
