0 0.032813 0.654167 0.062500 0.154167
1 0.438281 0.869792 0.126562 0.247917
2 0.571094 0.120833 0.151562 0.187500
3 0.640625 0.901042 0.178125 0.172917
4 0.549219 0.737500 0.210938 0.141667
5 0.101562 0.241667 0.112500 0.120833
6 0.272656 0.809375 0.176563 0.185417
7 0.821094 0.612500 0.142187 0.154167
8 0.981250 0.351042 0.053125 0.139583
9 0.732812 0.346875 0.175000 0.156250
10 0.664062 0.354167 0.090625 0.125000
11 0.785156 0.494792 0.157812 0.164583
12 0.517969 0.450000 0.110937 0.141667
13 0.703906 0.172917 0.157812 0.066667
14 0.250000 0.584375 0.234375 0.202083
15 0.630469 0.487500 0.167187 0.212500
16 0.430469 0.566667 0.129688 0.166667
17 0.618750 0.619792 0.234375 0.143750
18 0.677344 0.052083 0.104688 0.091667
19 0.255469 0.379167 0.164062 0.158333
20 0.578906 0.289583 0.107813 0.179167
22 0.251563 0.590625 0.265625 0.256250
23 0.228906 0.139583 0.082812 0.104167
