0 0.019531 0.693750 0.035937 0.083333
1 0.520312 0.916667 0.150000 0.158333
2 0.703125 0.191667 0.296875 0.316667
3 0.714063 0.955208 0.137500 0.106250
4 0.643750 0.817708 0.221875 0.139583
5 0.121875 0.260417 0.128125 0.145833
6 0.340625 0.892708 0.190625 0.172917
7 0.918750 0.682292 0.118750 0.156250
9 0.839063 0.403125 0.178125 0.143750
10 0.742969 0.392708 0.082812 0.152083
11 0.890625 0.557292 0.178125 0.160417
12 0.608594 0.520833 0.126562 0.166667
13 0.810937 0.188542 0.096875 0.056250
14 0.306250 0.662500 0.293750 0.225000
15 0.730469 0.545833 0.179688 0.216667
16 0.514062 0.644792 0.118750 0.197917
17 0.714844 0.671875 0.242188 0.177083
18 0.741406 0.052083 0.139063 0.100000
19 0.311719 0.427083 0.170313 0.191667
20 0.671094 0.345833 0.110937 0.195833
22 0.323437 0.665625 0.281250 0.302083
23 0.267188 0.146875 0.081250 0.127083
