0 0.107031 0.736458 0.107813 0.147917
1 0.492188 0.917708 0.146875 0.189583
2 0.152344 0.517708 0.123438 0.206250
3 0.704688 0.948958 0.171875 0.152083
4 0.621094 0.805208 0.201563 0.122917
5 0.169531 0.316667 0.117188 0.125000
6 0.364063 0.914583 0.162500 0.162500
7 0.875781 0.701042 0.098437 0.127083
9 0.796875 0.428125 0.175000 0.147917
10 0.693750 0.425000 0.134375 0.141667
11 0.849219 0.575000 0.151562 0.141667
12 0.584375 0.518750 0.121875 0.137500
13 0.750000 0.261458 0.209375 0.077083
14 0.910937 0.315625 0.181250 0.239583
15 0.699219 0.566667 0.170313 0.187500
16 0.479687 0.655208 0.156250 0.156250
17 0.685937 0.663542 0.212500 0.139583
18 0.721875 0.106250 0.103125 0.125000
19 0.143750 0.823958 0.112500 0.089583
20 0.672656 0.056250 0.107813 0.091667
22 0.299219 0.657292 0.173437 0.310417
23 0.320312 0.426042 0.131250 0.135417
