1 0.134375 0.785417 0.159375 0.154167
2 0.673438 0.513542 0.109375 0.189583
3 0.425781 0.901042 0.189062 0.168750
4 0.456250 0.122917 0.068750 0.145833
6 0.072656 0.898958 0.085938 0.089583
7 0.552344 0.476042 0.157812 0.172917
8 0.730469 0.308333 0.107813 0.129167
9 0.450000 0.369792 0.162500 0.131250
10 0.383594 0.400000 0.095312 0.091667
11 0.402344 0.604167 0.189062 0.137500
12 0.258594 0.536458 0.129688 0.127083
14 0.039062 0.706250 0.071875 0.150000
15 0.342969 0.567708 0.151562 0.210417
16 0.085938 0.594792 0.118750 0.131250
17 0.301563 0.712500 0.209375 0.179167
19 0.678125 0.411458 0.162500 0.181250
20 0.315625 0.380208 0.040625 0.110417
22 0.054688 0.723958 0.093750 0.197917
23 0.017969 0.270833 0.032813 0.112500
