1 0.947656 0.676042 0.114062 0.181250
2 0.867969 0.423958 0.198437 0.256250
3 0.585938 0.809375 0.068750 0.147917
4 0.643750 0.026042 0.103125 0.047917
5 0.032813 0.291667 0.062500 0.137500
6 0.253906 0.887500 0.198437 0.166667
7 0.685937 0.422917 0.115625 0.166667
8 0.651563 0.254167 0.093750 0.133333
9 0.396094 0.314583 0.204687 0.183333
11 0.620313 0.694792 0.146875 0.214583
12 0.815625 0.558333 0.118750 0.212500
13 0.632031 0.109375 0.164062 0.110417
14 0.124219 0.683333 0.226562 0.241667
15 0.321875 0.731250 0.090625 0.312500
16 0.578906 0.506250 0.148438 0.162500
17 0.475781 0.415625 0.129688 0.331250
18 0.704688 0.158333 0.131250 0.116667
19 0.566406 0.281250 0.157812 0.237500
22 0.140625 0.679167 0.262500 0.237500
23 0.113281 0.145833 0.073438 0.095833
