0 0.328125 0.691667 0.112500 0.204167
1 0.457031 0.759375 0.139063 0.185417
2 0.114844 0.289583 0.151562 0.183333
3 0.608594 0.771875 0.160938 0.172917
4 0.534375 0.609375 0.190625 0.147917
5 0.182812 0.136458 0.121875 0.106250
6 0.376563 0.581250 0.059375 0.083333
7 0.772656 0.575000 0.101562 0.141667
8 0.949219 0.369792 0.085938 0.122917
9 0.722656 0.325000 0.151562 0.141667
10 0.630469 0.304167 0.126562 0.120833
11 0.764844 0.457292 0.157812 0.110417
12 0.513281 0.364583 0.117188 0.125000
13 0.692969 0.164583 0.170313 0.070833
14 0.837500 0.257292 0.162500 0.222917
15 0.623437 0.420833 0.175000 0.179167
16 0.415625 0.453125 0.137500 0.147917
17 0.602344 0.535417 0.210938 0.158333
18 0.687500 0.054167 0.081250 0.095833
19 0.090625 0.564583 0.159375 0.150000
22 0.240625 0.480208 0.181250 0.381250
23 0.350000 0.505208 0.087500 0.114583
