1 0.763281 0.761458 0.151562 0.206250
2 0.629687 0.427083 0.321875 0.333333
3 0.249219 0.952083 0.154688 0.125000
6 0.031250 0.958333 0.059375 0.083333
7 0.359375 0.486458 0.156250 0.185417
8 0.294531 0.246875 0.160938 0.131250
9 0.397656 0.263542 0.185938 0.206250
10 0.107031 0.473958 0.057813 0.222917
11 0.328125 0.805208 0.184375 0.227083
12 0.550000 0.623958 0.187500 0.231250
13 0.311719 0.087500 0.195312 0.170833
15 0.065625 0.864583 0.121875 0.279167
17 0.150000 0.523958 0.168750 0.356250
18 0.584375 0.153125 0.193750 0.218750
19 0.142187 0.266667 0.181250 0.204167
20 0.214062 0.294792 0.059375 0.289583
22 0.027344 0.825000 0.051562 0.150000
