0 0.042969 0.766667 0.079687 0.154167
1 0.432812 0.921875 0.137500 0.189583
2 0.077344 0.546875 0.123438 0.210417
3 0.637500 0.944792 0.175000 0.131250
4 0.545312 0.814583 0.206250 0.120833
5 0.084375 0.344792 0.118750 0.127083
6 0.297656 0.926042 0.160938 0.152083
7 0.803906 0.684375 0.110937 0.127083
8 0.960156 0.402083 0.085938 0.137500
9 0.710156 0.429167 0.164062 0.154167
10 0.605469 0.431250 0.129688 0.129167
11 0.776563 0.575000 0.162500 0.133333
12 0.501563 0.539583 0.115625 0.125000
13 0.643750 0.263542 0.218750 0.072917
14 0.825000 0.316667 0.187500 0.237500
15 0.628906 0.560417 0.192188 0.216667
16 0.394531 0.661458 0.148438 0.168750
17 0.610156 0.679167 0.217188 0.158333
18 0.630469 0.123958 0.104688 0.139583
19 0.075781 0.850000 0.101562 0.104167
20 0.585156 0.262500 0.120313 0.183333
22 0.228125 0.687500 0.181250 0.325000
23 0.121875 0.195833 0.134375 0.120833
