2 0.098437 0.761458 0.150000 0.202083
5 0.164062 0.595833 0.096875 0.154167
8 0.975781 0.693750 0.064062 0.150000
9 0.751563 0.716667 0.159375 0.116667
10 0.650000 0.719792 0.106250 0.168750
12 0.528906 0.832292 0.110937 0.135417
13 0.696094 0.554167 0.189062 0.079167
14 0.867969 0.614583 0.192188 0.245833
15 0.677344 0.825000 0.129688 0.145833
16 0.387500 0.932292 0.068750 0.102083
17 0.639062 0.947917 0.212500 0.112500
18 0.687500 0.398958 0.115625 0.143750
20 0.388281 0.534375 0.142187 0.222917
22 0.229687 0.897917 0.178125 0.258333
23 0.355469 0.982292 0.045312 0.064583
