0 0.080469 0.533333 0.107813 0.137500
1 0.471875 0.816667 0.121875 0.225000
2 0.160938 0.339583 0.159375 0.154167
3 0.647656 0.876042 0.157812 0.172917
4 0.595313 0.705208 0.181250 0.135417
5 0.201563 0.159375 0.121875 0.102083
6 0.326562 0.782292 0.165625 0.168750
7 0.832031 0.671875 0.110937 0.135417
8 0.996094 0.465625 0.023438 0.093750
9 0.790625 0.415625 0.143750 0.164583
10 0.701562 0.387500 0.103125 0.129167
11 0.832031 0.551042 0.151562 0.118750
12 0.589844 0.457292 0.110937 0.118750
13 0.767969 0.253125 0.167187 0.072917
14 0.290625 0.527083 0.193750 0.262500
15 0.689844 0.515625 0.170313 0.143750
16 0.479687 0.536458 0.121875 0.168750
17 0.669531 0.631250 0.226562 0.150000
18 0.759375 0.121875 0.093750 0.102083
19 0.132031 0.651042 0.154688 0.139583
20 0.603125 0.280208 0.168750 0.177083
22 0.295312 0.501042 0.250000 0.243750
23 0.276562 0.225000 0.087500 0.095833
