0 0.112500 0.934375 0.093750 0.114583
1 0.957031 0.609375 0.089063 0.202083
2 0.856250 0.390625 0.221875 0.210417
3 0.571875 0.888542 0.137500 0.185417
4 0.586719 0.067708 0.067187 0.127083
5 0.077344 0.560417 0.089063 0.133333
6 0.340625 0.977083 0.165625 0.091667
7 0.660156 0.470833 0.139063 0.175000
8 0.589844 0.313542 0.145313 0.118750
9 0.382031 0.407292 0.129688 0.210417
10 0.532031 0.848958 0.182812 0.131250
11 0.651563 0.735417 0.121875 0.216667
12 0.825781 0.559375 0.132812 0.189583
13 0.589063 0.158333 0.115625 0.116667
14 0.216406 0.844792 0.185938 0.147917
15 0.375781 0.855208 0.139063 0.247917
16 0.401562 0.392708 0.140625 0.072917
17 0.494531 0.067708 0.132812 0.122917
18 0.657031 0.183333 0.148438 0.158333
19 0.536719 0.381250 0.176563 0.208333
21 0.357031 0.100000 0.076563 0.083333
22 0.227344 0.837500 0.235937 0.187500
