1 0.385937 0.917708 0.121875 0.172917
2 0.695312 0.336458 0.206250 0.289583
3 0.596094 0.981250 0.145313 0.087500
4 0.522656 0.855208 0.214062 0.185417
5 0.101562 0.160417 0.137500 0.120833
6 0.212500 0.860417 0.175000 0.220833
7 0.775000 0.790625 0.078125 0.114583
8 0.973437 0.576042 0.068750 0.143750
9 0.749219 0.516667 0.151562 0.175000
10 0.674219 0.470833 0.095312 0.125000
11 0.772656 0.675000 0.126562 0.162500
12 0.521094 0.552083 0.129688 0.150000
14 0.218750 0.619792 0.281250 0.285417
15 0.630469 0.630208 0.204687 0.164583
16 0.429688 0.647917 0.140625 0.179167
17 0.599219 0.758333 0.232813 0.170833
18 0.728906 0.156250 0.076563 0.104167
19 0.252344 0.386458 0.179688 0.160417
20 0.600000 0.408333 0.090625 0.175000
22 0.225000 0.608333 0.293750 0.316667
23 0.260156 0.082292 0.101562 0.110417
