0 0.118750 0.977083 0.062500 0.079167
1 0.448437 0.020833 0.090625 0.037500
2 0.553906 0.230208 0.245312 0.139583
3 0.367969 0.503125 0.210938 0.231250
5 0.030469 0.678125 0.054688 0.131250
6 0.273438 0.940625 0.159375 0.089583
7 0.382031 0.380208 0.126562 0.093750
8 0.300000 0.304167 0.087500 0.062500
9 0.391406 0.198958 0.073438 0.131250
11 0.607031 0.400000 0.067187 0.091667
12 0.268750 0.506250 0.050000 0.095833
14 0.137500 0.851042 0.115625 0.197917
15 0.321875 0.569792 0.062500 0.164583
16 0.171094 0.700000 0.101562 0.125000
17 0.228906 0.530208 0.117188 0.256250
19 0.575000 0.079167 0.193750 0.125000
20 0.262500 0.377083 0.068750 0.091667
22 0.174219 0.835417 0.167187 0.216667
23 0.039844 0.502083 0.057813 0.070833
