0 0.034375 0.907292 0.065625 0.114583
2 0.550000 0.177083 0.218750 0.141667
3 0.424219 0.547917 0.192188 0.212500
6 0.190625 0.888542 0.146875 0.114583
7 0.381250 0.305208 0.125000 0.152083
8 0.313281 0.190625 0.104688 0.093750
9 0.367969 0.167708 0.139063 0.135417
11 0.545312 0.375000 0.206250 0.200000
12 0.246094 0.427083 0.064062 0.108333
14 0.067187 0.780208 0.131250 0.193750
15 0.311719 0.443750 0.067187 0.300000
16 0.107813 0.612500 0.103125 0.129167
17 0.217969 0.442708 0.110937 0.289583
19 0.600000 0.041667 0.190625 0.058333
20 0.258594 0.286458 0.079687 0.102083
22 0.095312 0.764583 0.187500 0.216667
