2 0.081250 0.720833 0.159375 0.233333
5 0.125781 0.520833 0.110937 0.162500
9 0.832031 0.671875 0.173437 0.168750
10 0.728906 0.662500 0.167187 0.200000
11 0.900000 0.809375 0.159375 0.114583
12 0.632031 0.759375 0.057813 0.089583
13 0.772656 0.450000 0.201563 0.104167
14 0.939063 0.510417 0.159375 0.295833
15 0.723437 0.815625 0.134375 0.181250
16 0.472656 0.929167 0.154688 0.150000
17 0.756250 0.972917 0.090625 0.062500
18 0.752344 0.262500 0.132812 0.150000
20 0.406250 0.435417 0.178125 0.270833
22 0.221875 0.897917 0.171875 0.241667
