0 0.017969 0.763542 0.032813 0.152083
1 0.889062 0.622917 0.146875 0.187500
2 0.791406 0.381250 0.242188 0.250000
3 0.457031 0.803125 0.154688 0.172917
4 0.564063 0.034375 0.075000 0.064583
5 0.035156 0.372917 0.067187 0.120833
6 0.223438 0.853125 0.171875 0.147917
7 0.597656 0.407292 0.135937 0.160417
8 0.553906 0.246875 0.132812 0.122917
9 0.342187 0.090625 0.162500 0.177083
10 0.427344 0.737500 0.148438 0.154167
11 0.564063 0.673958 0.121875 0.222917
12 0.742969 0.532292 0.129688 0.197917
14 0.108594 0.686458 0.189062 0.206250
15 0.271875 0.709375 0.121875 0.285417
18 0.621875 0.148958 0.146875 0.110417
19 0.482812 0.356250 0.156250 0.225000
22 0.115625 0.679167 0.228125 0.200000
