0 0.032031 0.601042 0.060937 0.131250
1 0.800781 0.323958 0.070312 0.147917
2 0.767188 0.537500 0.162500 0.170833
3 0.460156 0.716667 0.129688 0.145833
4 0.658594 0.215625 0.101562 0.089583
5 0.128125 0.291667 0.121875 0.083333
6 0.193750 0.720833 0.087500 0.116667
7 0.621094 0.508333 0.079687 0.137500
8 0.605469 0.382292 0.070312 0.093750
9 0.648438 0.421875 0.128125 0.110417
12 0.702344 0.653125 0.101562 0.147917
13 0.620313 0.286458 0.131250 0.068750
14 0.169531 0.550000 0.167187 0.158333
16 0.260937 0.478125 0.056250 0.122917
17 0.435156 0.539583 0.085938 0.104167
18 0.448437 0.310417 0.203125 0.229167
22 0.160938 0.561458 0.212500 0.197917
23 0.236719 0.210417 0.054688 0.087500
