1 0.611719 0.065625 0.085938 0.127083
2 0.639844 0.319792 0.223438 0.214583
3 0.474219 0.778125 0.182812 0.185417
4 0.415625 0.015625 0.096875 0.022917
6 0.110937 0.814583 0.162500 0.133333
7 0.458594 0.338542 0.082812 0.147917
8 0.375781 0.193750 0.142187 0.120833
9 0.475000 0.212500 0.118750 0.158333
10 0.204687 0.131250 0.150000 0.079167
12 0.265625 0.411458 0.115625 0.193750
13 0.406250 0.055208 0.115625 0.085417
14 0.042188 0.646875 0.078125 0.114583
15 0.353125 0.435417 0.125000 0.266667
16 0.078125 0.506250 0.106250 0.162500
17 0.483594 0.444792 0.248438 0.418750
19 0.687500 0.212500 0.168750 0.166667
20 0.289844 0.234375 0.076563 0.156250
22 0.060937 0.656250 0.118750 0.195833
