0 0.349219 0.937500 0.107813 0.120833
1 0.471875 0.981250 0.106250 0.066667
2 0.128125 0.603125 0.140625 0.160417
3 0.621094 0.973958 0.123438 0.089583
4 0.541406 0.885417 0.182812 0.120833
5 0.178125 0.455208 0.096875 0.110417
6 0.398438 0.876042 0.059375 0.068750
7 0.765625 0.777083 0.071875 0.095833
8 0.942187 0.556250 0.075000 0.108333
9 0.708594 0.563542 0.142187 0.106250
10 0.619531 0.562500 0.129688 0.129167
11 0.767188 0.691667 0.162500 0.125000
12 0.523438 0.646875 0.109375 0.114583
13 0.667969 0.423958 0.167187 0.060417
14 0.823438 0.470833 0.165625 0.195833
15 0.620313 0.673958 0.159375 0.168750
16 0.419531 0.741667 0.151562 0.158333
17 0.602344 0.781250 0.204687 0.104167
18 0.653125 0.304167 0.103125 0.112500
19 0.121094 0.859375 0.157812 0.122917
20 0.463281 0.278125 0.154688 0.218750
22 0.257812 0.777083 0.184375 0.337500
23 0.353125 0.802083 0.090625 0.108333
