1 0.510156 0.280208 0.092188 0.164583
2 0.539062 0.564583 0.228125 0.216667
3 0.347656 0.978125 0.064062 0.039583
4 0.312500 0.202083 0.109375 0.137500
7 0.378125 0.612500 0.093750 0.145833
8 0.318750 0.443750 0.106250 0.133333
9 0.361719 0.451042 0.145313 0.156250
12 0.513281 0.708333 0.142187 0.158333
13 0.300000 0.314583 0.146875 0.141667
15 0.116406 0.933333 0.098437 0.170833
17 0.197656 0.623958 0.176563 0.268750
19 0.191406 0.406250 0.173437 0.179167
20 0.238281 0.531250 0.073438 0.125000
22 0.033594 0.915625 0.064062 0.177083
