1 0.251563 0.805208 0.031250 0.027083
2 0.018750 0.476042 0.031250 0.127083
3 0.455469 0.926042 0.160938 0.152083
4 0.375781 0.787500 0.185938 0.125000
5 0.018750 0.309375 0.034375 0.072917
7 0.607031 0.690625 0.114062 0.131250
8 0.793750 0.448958 0.090625 0.131250
9 0.542969 0.464583 0.157812 0.145833
10 0.453125 0.460417 0.140625 0.116667
11 0.588281 0.592708 0.129688 0.110417
12 0.342187 0.532292 0.112500 0.110417
13 0.510938 0.313542 0.196875 0.056250
14 0.660937 0.364583 0.181250 0.220833
15 0.438281 0.580208 0.167187 0.160417
16 0.237500 0.640625 0.134375 0.164583
17 0.434375 0.667708 0.209375 0.122917
18 0.489063 0.178125 0.084375 0.118750
19 0.015625 0.796875 0.028125 0.118750
20 0.459375 0.220833 0.162500 0.095833
22 0.140625 0.829167 0.278125 0.412500
23 0.069531 0.463542 0.082812 0.102083
