1 0.235156 0.802083 0.204687 0.329167
2 0.587500 0.023958 0.243750 0.039583
4 0.175000 0.977083 0.090625 0.091667
8 0.514062 0.740625 0.234375 0.189583
9 0.971875 0.836458 0.106250 0.377083
10 0.604688 0.206250 0.137500 0.179167
11 0.414062 0.248958 0.193750 0.206250
14 0.087500 0.960417 0.090625 0.112500
15 0.499219 0.084375 0.214062 0.143750
16 0.040625 0.232292 0.078125 0.168750
17 0.043750 0.991667 0.062500 0.054167
19 0.557813 0.528125 0.250000 0.206250
20 0.626563 0.816667 0.312500 0.270833
22 0.200781 0.098958 0.251563 0.177083
