0 0.132031 0.797917 0.160938 0.179167
1 0.343750 0.890625 0.078125 0.135417
2 0.599219 0.061458 0.226562 0.118750
3 0.025000 0.584375 0.046875 0.185417
4 0.485156 0.816667 0.189062 0.383333
8 0.473438 0.684375 0.106250 0.135417
9 0.435156 0.785417 0.135937 0.166667
10 0.695312 0.254167 0.109375 0.154167
11 0.593750 0.411458 0.090625 0.243750
13 0.030469 0.795833 0.057813 0.112500
15 0.632031 0.218750 0.082812 0.225000
16 0.159375 0.617708 0.134375 0.164583
17 0.510938 0.460417 0.262500 0.283333
19 0.265625 0.589583 0.118750 0.150000
