1 0.267969 0.763542 0.201563 0.322917
3 0.033594 0.582292 0.064062 0.168750
4 0.250000 0.960417 0.162500 0.129167
8 0.578125 0.669792 0.087500 0.143750
9 0.953906 0.640625 0.120313 0.160417
10 0.610156 0.185417 0.148438 0.195833
11 0.425781 0.232292 0.185938 0.214583
13 0.028125 0.910417 0.053125 0.145833
14 0.127344 0.937500 0.082812 0.150000
15 0.501563 0.086458 0.203125 0.156250
16 0.065625 0.256250 0.112500 0.158333
17 0.081250 0.971875 0.068750 0.085417
19 0.600000 0.428125 0.228125 0.239583
20 0.589063 0.828125 0.196875 0.197917
22 0.235156 0.100000 0.235937 0.187500
