0 0.090625 0.865625 0.178125 0.197917
1 0.264844 0.854167 0.148438 0.300000
4 0.221094 0.653125 0.135937 0.410417
8 0.427344 0.621875 0.117188 0.177083
10 0.597656 0.108333 0.076563 0.120833
11 0.490625 0.281250 0.171875 0.212500
13 0.635938 0.604167 0.137500 0.820833
15 0.525781 0.102083 0.114062 0.179167
16 0.072656 0.647917 0.123438 0.200000
17 0.973437 0.395833 0.075000 0.416667
18 0.026562 0.940625 0.050000 0.118750
19 0.250000 0.577083 0.231250 0.150000
20 0.525781 0.611458 0.182812 0.539583
