0 0.058594 0.711458 0.114062 0.210417
1 0.195312 0.729167 0.187500 0.320833
4 0.336719 0.527083 0.185938 0.325000
8 0.403125 0.579167 0.121875 0.200000
9 0.442188 0.831250 0.196875 0.187500
10 0.596094 0.122917 0.098437 0.120833
11 0.471094 0.275000 0.139063 0.245833
13 0.621875 0.859375 0.103125 0.322917
15 0.528906 0.090625 0.117188 0.177083
16 0.050000 0.480208 0.096875 0.202083
17 0.849219 0.241667 0.198437 0.275000
19 0.207031 0.470833 0.201563 0.212500
20 0.411719 0.703125 0.142187 0.135417
