0 0.070312 0.908333 0.137500 0.179167
1 0.227344 0.915625 0.167187 0.206250
2 0.489063 0.029167 0.250000 0.054167
4 0.210938 0.731250 0.131250 0.425000
8 0.409375 0.732292 0.118750 0.168750
10 0.613281 0.200000 0.110937 0.145833
11 0.503125 0.388542 0.118750 0.264583
13 0.681250 0.742708 0.181250 0.539583
15 0.539844 0.153125 0.139063 0.218750
16 0.053906 0.700000 0.104688 0.187500
17 0.903906 0.287500 0.198437 0.279167
19 0.240625 0.669792 0.237500 0.222917
20 0.664844 0.590625 0.176563 0.360417
