1 0.274219 0.862500 0.182812 0.279167
2 0.551562 0.119792 0.234375 0.127083
3 0.032031 0.712500 0.060937 0.162500
8 0.530469 0.848958 0.142187 0.227083
9 0.937500 0.598958 0.050000 0.118750
10 0.609375 0.336458 0.125000 0.206250
11 0.417187 0.381250 0.168750 0.220833
13 0.035937 1.000000 0.068750 0.062500
15 0.480469 0.222917 0.176563 0.204167
16 0.053906 0.388542 0.101562 0.152083
19 0.570312 0.591667 0.237500 0.220833
20 0.420312 0.881250 0.162500 0.275000
22 0.210156 0.195833 0.217188 0.279167
