0 0.017188 0.761458 0.031250 0.218750
1 0.125000 0.813542 0.175000 0.331250
4 0.125781 0.573958 0.110937 0.427083
5 0.990625 0.135417 0.050000 0.091667
8 0.310937 0.600000 0.140625 0.166667
9 0.413281 0.898958 0.157812 0.222917
10 0.520312 0.127083 0.078125 0.137500
11 0.407813 0.283333 0.121875 0.229167
13 0.537500 0.688542 0.150000 0.297917
15 0.458594 0.090625 0.101562 0.177083
17 0.783594 0.293750 0.223438 0.158333
19 0.137500 0.498958 0.212500 0.227083
20 0.461719 0.629167 0.192188 0.275000
