0 0.117969 0.779167 0.201563 0.229167
1 0.318750 0.816667 0.171875 0.341667
4 0.307812 0.565625 0.134375 0.468750
8 0.649219 0.639583 0.048438 0.116667
9 0.669531 0.896875 0.082812 0.168750
10 0.781250 0.071875 0.075000 0.131250
11 0.671875 0.253125 0.165625 0.264583
13 0.571094 0.684375 0.126562 0.706250
15 0.713281 0.063542 0.110937 0.122917
16 0.132812 0.530208 0.178125 0.197917
18 0.044531 0.810417 0.085938 0.275000
19 0.317969 0.479167 0.198437 0.250000
20 0.628906 0.481250 0.392188 0.379167
