0 0.098437 0.273958 0.125000 0.139583
1 0.417187 0.678125 0.137500 0.277083
2 0.721875 0.108333 0.193750 0.129167
3 0.143750 0.512500 0.134375 0.170833
4 0.371094 0.902083 0.160938 0.225000
5 0.069531 0.464583 0.098437 0.175000
8 0.670312 0.693750 0.103125 0.200000
9 0.661719 0.709375 0.157812 0.181250
11 0.589844 0.303125 0.173437 0.160417
12 0.037500 0.932292 0.071875 0.160417
13 0.095312 0.797917 0.165625 0.095833
14 0.271094 0.889583 0.145313 0.262500
15 0.654687 0.172917 0.168750 0.150000
16 0.239063 0.226042 0.096875 0.143750
17 0.143750 0.906250 0.181250 0.170833
19 0.723437 0.493750 0.190625 0.195833
20 0.541406 0.759375 0.204687 0.306250
21 0.030469 0.391667 0.057813 0.125000
22 0.399219 0.121875 0.235937 0.227083
