0 0.088281 0.433333 0.114062 0.137500
1 0.439844 0.865625 0.192188 0.243750
2 0.732812 0.195833 0.246875 0.129167
3 0.153125 0.678125 0.131250 0.231250
5 0.055469 0.640625 0.107813 0.172917
6 0.019531 0.825000 0.035937 0.095833
8 0.696875 0.843750 0.190625 0.158333
10 0.760156 0.404167 0.126562 0.195833
11 0.600781 0.440625 0.176563 0.189583
13 0.112500 0.988542 0.165625 0.060417
15 0.675000 0.280208 0.178125 0.168750
16 0.225000 0.380208 0.118750 0.147917
19 0.830469 0.650000 0.232813 0.254167
20 0.784375 0.907292 0.215625 0.197917
21 0.031250 0.563542 0.059375 0.089583
22 0.400000 0.235417 0.237500 0.220833
