0 0.400781 0.585417 0.220312 0.245833
1 0.589844 0.718750 0.176563 0.350000
3 0.264062 0.277083 0.190625 0.225000
4 0.479687 0.815625 0.056250 0.139583
6 0.130469 0.251042 0.145313 0.114583
8 0.809375 0.704167 0.137500 0.200000
9 0.891406 0.878125 0.217188 0.360417
11 0.957812 0.455208 0.100000 0.143750
12 0.104688 0.612500 0.128125 0.175000
13 0.208594 0.506250 0.229687 0.129167
16 0.467969 0.375000 0.198437 0.195833
17 0.224219 0.565625 0.198437 0.302083
18 0.068750 0.378125 0.115625 0.168750
19 0.675781 0.482292 0.257812 0.310417
20 0.760938 0.816667 0.181250 0.337500
21 0.255469 0.026042 0.117188 0.047917
